puntaje_psu	año_egreso	estudiantes
0		12935
2160		1
2245		1
2385		1
2405		1
2465		1
2540		1
2560		1
2575		1
2615		1
2640		1
2650		2
2655		1
2665		1
2670		1
2760		1
2780		2
2790		2
2840		1
2855		1
2880		1
2885		2
2890		1
2895		1
2905		1
2930		1
2945		1
2950		2
2980		4
2985		2
2995		5
3010		3
3015		1
3025		1
3035		1
3040		1
3045		1
3055		4
3060		1
3075		1
3085		2
3095		2
3100		1
3115		2
3125		2
3135		2
3145		2
3165		1
3175		2
3185		3
3190		2
3210		2
3215		1
3220		3
3235		1
3245		5
3270		6
3280		7
3305		2
3315		3
3320		1
3335		5
3340		1
3350		2
3355		2
3365		3
3370		2
3375		1
3380		1
3385		1
3390		1
3395		1
3400		4
3410		4
3415		3
3420		2
3430		2
3440		1
3445		2
3450		4
3460		1
3470		6
3475		1
3490		2
3495		2
3500		3
3505		4
3515		1
3520		7
3525		1
3530		8
3545		5
3560		2
3565		2
3570		7
3575		3
3580		3
3590		2
3600		3
3605		2
3610		1
3615		1
3620		10
3625		1
3640		5
3645		1
3650		2
3665		7
3670		12
3675		6
3685		3
3695		1
3700		8
3705		6
3715		1
3720		3
3725		3
3730		5
3735		3
3740		5
3745		1
3750		1
3755		4
3770		13
3775		4
3780		3
3785		6
3790		1
3800		5
3805		8
3810		1
3815		1
3820		13
3825		2
3830		2
3835		6
3845		4
3850		1
3855		9
3865		5
3875		5
3880		1
3885		6
3890		6
3900		17
3905		9
3915		3
3920		6
3925		7
3930		2
3935		5
3940		2
3945		10
3950		4
3955		7
3960		6
3965		1
3970		1
3975		7
3980		6
3985		5
3995		13
4005		1
4010		5
4020		10
4025		8
4030		1
4035		3
4045		3
4050		8
4055		10
4060		11
4065		8
4080		7
4090		11
4095		4
4100		3
4105		4
4110		5
4115		2
4120		10
4125		8
4130		2
4135		4
4140		7
4145		1
4150		4
4155		2
4160		12
4165		12
4170		4
4175		14
4180		1
4185		13
4190		2
4195		13
4205		14
4210		6
4215		1
4220		9
4225		2
4230		2
4240		10
4245		12
4250		2
4255		1
4260		6
4265		2
4270		5
4275		8
4280		13
4285		5
4290		10
4295		1
4300		2
4305		8
4310		8
4315		10
4320		7
4325		1
4330		7
4335		4
4340		12
4345		5
4350		6
4355		2
4360		3
4365		8
4370		6
4375		8
4380		6
4385		2
4390		1
4395		5
4400		3
4405		6
4410		18
4415		3
4420		5
4425		7
4430		7
4435		4
4440		9
4445		10
4450		8
4455		2
4460		7
4465		4
4470		5
4480		21
4485		1
4490		2
4495		10
4500		1
4505		10
4510		9
4525		11
4530		2
4535		7
4540		7
4545		9
4550		7
4555		2
4560		11
4565		15
4570		8
4575		1
4580		3
4585		1
4590		8
4595		13
4600		11
4605		1
4610		7
4615		6
4620		13
4625		7
4630		10
4635		5
4640		5
4645		6
4650		9
4655		11
4660		7
4665		9
4670		6
4675		4
4680		13
4685		9
4690		11
4695		5
4700		3
4705		12
4710		14
4715		5
4720		2
4725		12
4730		11
4735		7
4740		2
4745		13
4750		14
4755		4
4760		14
4765		14
4770		18
4775		1
4780		9
4785		20
4790		7
4795		15
4800		12
4805		3
4810		8
4815		12
4820		18
4825		17
4830		7
4835		10
4840		10
4845		9
4850		13
4855		12
4860		3
4865		11
4870		2
4875		13
4880		12
4885		3
4890		14
4895		12
4900		11
4905		1
4910		4
4915		11
4920		4
4925		16
4930		10
4935		15
4940		3
4945		6
4950		22
4955		6
4960		2
4965		9
4970		9
4975		13
4980		24
4985		1
4990		5
4995		6
5000		16
5005		30
5015		4
5020		12
5025		12
5030		20
5035		8
5040		11
5045		16
5050		1
5055		17
5060		25
5065		4
5070		14
5075		4
5080		7
5085		13
5090		9
5095		16
5100		8
5105		8
5110		13
5115		8
5120		11
5125		9
5130		7
5135		19
5140		5
5145		16
5150		24
5155		6
5160		7
5165		6
5170		16
5175		9
5180		9
5185		7
5190		4
5195		6
5200		17
5205		13
5210		14
5215		4
5220		4
5225		26
5230		2
5235		6
5240		17
5245		9
5250		13
5255		11
5260		5
5265		10
5270		10
5275		20
5280		18
5285		8
5290		12
5295		9
5300		10
5305		14
5310		7
5315		5
5320		18
5325		3
5330		20
5335		9
5340		5
5345		5
5350		12
5355		11
5360		6
5370		17
5375		7
5380		14
5385		16
5390		7
5395		10
5400		3
5405		13
5410		9
5415		8
5420		6
5425		12
5430		13
5435		6
5440		9
5445		10
5450		1
5455		9
5460		14
5465		12
5470		8
5475		8
5480		5
5485		18
5490		10
5495		5
5500		5
5505		10
5510		8
5515		5
5520		6
5525		6
5530		6
5535		18
5540		6
5545		7
5550		12
5555		8
5560		7
5565		14
5570		3
5575		10
5580		8
5585		7
5590		16
5595		5
5600		10
5605		7
5610		7
5615		10
5620		16
5625		5
5630		2
5635		12
5640		6
5645		13
5650		6
5655		8
5660		7
5665		6
5670		17
5675		11
5680		8
5685		7
5690		4
5695		9
5700		14
5705		7
5710		9
5715		3
5720		11
5725		3
5730		16
5735		8
5740		11
5745		4
5750		3
5755		10
5760		12
5765		4
5770		4
5775		12
5780		2
5785		10
5790		3
5795		7
5800		3
5805		7
5810		6
5815		7
5820		3
5825		9
5830		5
5835		6
5840		9
5845		10
5850		12
5855		8
5860		9
5865		17
5870		8
5875		6
5880		9
5885		5
5890		7
5895		9
5900		8
5905		9
5910		1
5915		6
5920		8
5925		6
5930		14
5935		2
5940		4
5945		10
5950		8
5955		8
5960		8
5965		4
5970		4
5975		10
5980		5
5985		10
5990		9
5995		4
6000		3
6005		2
6010		4
6015		9
6020		9
6025		9
6030		4
6035		4
6040		11
6045		8
6050		9
6055		9
6060		8
6065		7
6070		18
6075		2
6080		6
6085		5
6090		3
6095		12
6100		7
6105		2
6110		6
6115		7
6120		7
6130		3
6135		5
6140		10
6145		4
6150		4
6155		10
6160		1
6165		1
6170		3
6175		8
6180		3
6185		6
6190		5
6195		6
6200		1
6205		1
6210		12
6215		3
6220		2
6225		2
6230		8
6235		5
6240		3
6245		6
6250		7
6255		5
6260		5
6265		3
6270		6
6275		3
6280		1
6290		4
6295		6
6300		2
6305		6
6310		7
6315		4
6320		4
6325		4
6330		1
6335		2
6340		2
6345		3
6350		5
6355		3
6360		4
6365		5
6370		4
6375		4
6380		2
6385		2
6390		6
6395		4
6400		1
6405		4
6410		1
6415		5
6420		5
6425		3
6430		4
6435		2
6440		8
6445		3
6450		5
6455		4
6465		2
6470		5
6475		6
6480		4
6485		3
6490		1
6495		2
6500		5
6505		2
6510		3
6515		5
6520		2
6525		4
6530		3
6535		5
6540		2
6550		3
6555		2
6560		5
6565		2
6570		5
6575		1
6585		1
6590		4
6610		3
6615		1
6620		2
6625		1
6630		2
6640		3
6645		2
6655		8
6660		4
6665		1
6670		3
6675		1
6680		2
6685		3
6690		3
6695		3
6700		1
6705		1
6710		3
6715		1
6720		2
6725		3
6730		1
6750		1
6760		3
6765		3
6775		2
6785		2
6790		1
6795		3
6800		1
6810		1
6815		1
6820		2
6825		1
6830		2
6835		1
6840		1
6845		1
6850		2
6855		2
6870		1
6875		1
6880		2
6885		1
6890		1
6895		2
6900		1
6905		6
6910		1
6915		2
6920		1
6925		4
6930		1
6935		5
6950		1
6955		1
6960		1
6965		3
6975		2
6980		1
6985		1
6995		3
7010		1
7015		1
7020		1
7030		2
7035		2
7045		1
7055		2
7060		1
7070		1
7085		1
7095		1
7105		2
7115		2
7120		2
7135		1
7145		1
7150		1
7170		4
7195		1
7200		2
7215		2
7220		1
7235		1
7240		1
7250		1
7255		1
7265		1
7270		1
7285		1
7360		1
7365		1
7370		4
7385		1
7400		1
7440		3
7455		2
7515		1
7520		1
7525		1
7540		2
7550		1
7570		2
7630		1
7740		1
7825		1
7905		1
8025		1
8210		1
0	2002	307
3355	2002	1
3695	2002	1
3780	2002	1
3855	2002	1
3900	2002	1
3960	2002	1
4185	2002	1
4205	2002	1
4280	2002	1
4360	2002	1
4410	2002	1
4440	2002	1
4450	2002	1
4530	2002	1
4545	2002	1
4610	2002	1
4715	2002	1
4785	2002	1
4840	2002	1
4915	2002	1
4985	2002	1
5060	2002	1
5090	2002	1
5110	2002	1
5150	2002	1
5170	2002	1
5195	2002	1
5205	2002	1
5250	2002	1
5290	2002	1
5305	2002	1
5335	2002	1
5355	2002	2
5360	2002	2
5380	2002	1
5450	2002	1
5470	2002	1
5490	2002	1
5500	2002	1
5540	2002	1
5575	2002	1
5580	2002	1
5825	2002	1
5855	2002	1
5885	2002	1
5910	2002	1
5915	2002	1
5990	2002	1
6015	2002	1
6055	2002	1
6085	2002	1
6120	2002	1
6155	2002	1
6170	2002	1
6240	2002	1
6395	2002	2
6485	2002	1
6575	2002	1
6755	2002	1
6760	2002	1
6785	2002	1
6795	2002	1
6810	2002	1
6855	2002	1
6945	2002	1
0	2003	510
2835	2003	1
3660	2003	1
3805	2003	1
3820	2003	1
3855	2003	1
4055	2003	1
4060	2003	1
4205	2003	1
4220	2003	1
4255	2003	1
4275	2003	1
4455	2003	2
4465	2003	1
4550	2003	1
4600	2003	2
4620	2003	2
4650	2003	2
4695	2003	1
4710	2003	1
4735	2003	1
4760	2003	1
4800	2003	1
4825	2003	1
4855	2003	1
4875	2003	1
4880	2003	1
4920	2003	1
4935	2003	1
4995	2003	1
5000	2003	1
5025	2003	1
5030	2003	1
5135	2003	1
5145	2003	1
5160	2003	1
5175	2003	1
5225	2003	3
5250	2003	2
5255	2003	3
5305	2003	1
5310	2003	1
5320	2003	1
5335	2003	1
5360	2003	1
5370	2003	1
5405	2003	1
5425	2003	2
5460	2003	1
5470	2003	1
5475	2003	1
5530	2003	1
5580	2003	1
5590	2003	1
5650	2003	1
5665	2003	1
5675	2003	1
5700	2003	1
5720	2003	2
5740	2003	2
5755	2003	1
5790	2003	1
5795	2003	1
5825	2003	1
5840	2003	1
5850	2003	2
5855	2003	1
5860	2003	1
5865	2003	2
5945	2003	1
5950	2003	1
5970	2003	1
5990	2003	1
5995	2003	1
6015	2003	1
6020	2003	1
6030	2003	1
6035	2003	1
6040	2003	1
6100	2003	1
6105	2003	1
6135	2003	2
6155	2003	1
6165	2003	1
6170	2003	1
6175	2003	1
6195	2003	1
6275	2003	1
6345	2003	1
6375	2003	1
6390	2003	1
6460	2003	1
6500	2003	1
6530	2003	2
6535	2003	1
6585	2003	1
6605	2003	1
6685	2003	1
6735	2003	1
6745	2003	1
6810	2003	1
6845	2003	1
6900	2003	1
6935	2003	1
6945	2003	2
7075	2003	1
7155	2003	1
7195	2003	1
7330	2003	1
7560	2003	1
7575	2003	1
0	2004	1292
2490	2004	1
2790	2004	1
2890	2004	1
3055	2004	1
3420	2004	1
3520	2004	1
3530	2004	2
3590	2004	1
3640	2004	1
3670	2004	1
3675	2004	1
3775	2004	1
3780	2004	1
3925	2004	1
3935	2004	2
3955	2004	1
3975	2004	1
3985	2004	1
3995	2004	1
4020	2004	1
4025	2004	2
4090	2004	1
4100	2004	1
4120	2004	1
4125	2004	1
4175	2004	1
4185	2004	1
4195	2004	1
4205	2004	2
4220	2004	1
4240	2004	3
4245	2004	1
4255	2004	1
4270	2004	1
4285	2004	1
4315	2004	1
4355	2004	1
4400	2004	1
4410	2004	1
4430	2004	1
4460	2004	1
4495	2004	1
4510	2004	2
4525	2004	1
4545	2004	1
4565	2004	1
4570	2004	1
4605	2004	1
4615	2004	1
4650	2004	1
4655	2004	1
4660	2004	1
4680	2004	3
4685	2004	1
4690	2004	1
4700	2004	1
4720	2004	1
4725	2004	1
4730	2004	3
4745	2004	1
4750	2004	1
4760	2004	1
4770	2004	1
4780	2004	1
4795	2004	2
4805	2004	1
4835	2004	1
4840	2004	1
4850	2004	1
4865	2004	1
4875	2004	1
4880	2004	1
4890	2004	1
4925	2004	1
4930	2004	3
4935	2004	1
4950	2004	1
4965	2004	1
4970	2004	3
4980	2004	1
4990	2004	1
5000	2004	1
5005	2004	1
5030	2004	2
5040	2004	1
5045	2004	3
5055	2004	1
5060	2004	2
5065	2004	1
5070	2004	2
5080	2004	1
5085	2004	1
5100	2004	1
5110	2004	1
5115	2004	3
5125	2004	2
5130	2004	2
5135	2004	3
5145	2004	1
5150	2004	1
5155	2004	1
5165	2004	1
5170	2004	2
5185	2004	1
5190	2004	1
5200	2004	1
5205	2004	1
5210	2004	1
5215	2004	2
5230	2004	1
5250	2004	1
5270	2004	1
5275	2004	2
5280	2004	1
5290	2004	5
5300	2004	1
5305	2004	2
5310	2004	1
5325	2004	2
5330	2004	3
5335	2004	1
5350	2004	2
5360	2004	2
5370	2004	1
5385	2004	1
5395	2004	3
5400	2004	2
5405	2004	3
5410	2004	1
5415	2004	1
5425	2004	4
5435	2004	2
5440	2004	1
5450	2004	1
5455	2004	1
5460	2004	1
5465	2004	2
5485	2004	2
5490	2004	1
5495	2004	1
5510	2004	1
5515	2004	1
5520	2004	1
5530	2004	1
5550	2004	3
5555	2004	1
5565	2004	2
5575	2004	1
5590	2004	2
5605	2004	4
5610	2004	1
5620	2004	3
5640	2004	2
5645	2004	1
5655	2004	1
5660	2004	1
5665	2004	2
5670	2004	2
5675	2004	1
5680	2004	2
5695	2004	1
5700	2004	5
5705	2004	1
5710	2004	2
5730	2004	2
5740	2004	1
5750	2004	1
5755	2004	2
5760	2004	1
5765	2004	1
5770	2004	1
5775	2004	2
5815	2004	1
5820	2004	3
5825	2004	1
5840	2004	1
5845	2004	1
5860	2004	1
5865	2004	2
5875	2004	1
5890	2004	1
5895	2004	1
5900	2004	3
5920	2004	1
5925	2004	1
5945	2004	1
5955	2004	1
5960	2004	2
5985	2004	1
6000	2004	3
6010	2004	1
6015	2004	3
6025	2004	1
6030	2004	1
6050	2004	3
6060	2004	1
6070	2004	1
6080	2004	2
6085	2004	1
6090	2004	1
6095	2004	2
6100	2004	1
6105	2004	1
6110	2004	1
6120	2004	1
6125	2004	1
6135	2004	1
6140	2004	2
6165	2004	2
6190	2004	1
6200	2004	1
6225	2004	2
6235	2004	1
6240	2004	1
6270	2004	2
6280	2004	1
6320	2004	1
6325	2004	1
6330	2004	1
6340	2004	2
6350	2004	1
6355	2004	2
6375	2004	2
6380	2004	1
6400	2004	1
6410	2004	1
6415	2004	1
6465	2004	1
6475	2004	1
6490	2004	1
6495	2004	1
6545	2004	1
6555	2004	2
6575	2004	1
6620	2004	1
6630	2004	2
6635	2004	1
6640	2004	1
6650	2004	1
6660	2004	1
6665	2004	1
6670	2004	2
6680	2004	1
6695	2004	1
6730	2004	1
6735	2004	1
6745	2004	1
6775	2004	2
6815	2004	1
6860	2004	2
6905	2004	1
6965	2004	1
6975	2004	1
7120	2004	1
7135	2004	1
7210	2004	1
7215	2004	1
7265	2004	2
7280	2004	1
7395	2004	1
7585	2004	1
0	2005	2492
2500	2005	1
3035	2005	1
3085	2005	1
3215	2005	1
3235	2005	1
3245	2005	1
3250	2005	1
3270	2005	1
3365	2005	1
3370	2005	1
3395	2005	1
3420	2005	1
3440	2005	1
3450	2005	2
3470	2005	2
3490	2005	1
3505	2005	1
3570	2005	1
3575	2005	1
3580	2005	1
3610	2005	1
3665	2005	1
3700	2005	1
3740	2005	2
3755	2005	1
3770	2005	1
3785	2005	1
3790	2005	1
3795	2005	1
3800	2005	1
3805	2005	1
3820	2005	1
3835	2005	2
3845	2005	1
3855	2005	1
3865	2005	2
3875	2005	4
3925	2005	2
3935	2005	2
3940	2005	1
3960	2005	1
3965	2005	1
3985	2005	3
3990	2005	1
3995	2005	3
4025	2005	2
4055	2005	2
4090	2005	2
4100	2005	1
4105	2005	1
4110	2005	2
4120	2005	1
4135	2005	2
4140	2005	2
4145	2005	2
4155	2005	1
4160	2005	1
4175	2005	1
4180	2005	1
4185	2005	1
4190	2005	1
4205	2005	1
4215	2005	2
4220	2005	1
4225	2005	1
4240	2005	2
4250	2005	1
4255	2005	2
4265	2005	1
4275	2005	1
4280	2005	4
4305	2005	1
4310	2005	1
4320	2005	2
4330	2005	1
4340	2005	4
4355	2005	1
4365	2005	1
4370	2005	1
4375	2005	1
4380	2005	1
4385	2005	1
4390	2005	3
4395	2005	2
4405	2005	2
4410	2005	5
4425	2005	1
4430	2005	1
4435	2005	2
4440	2005	1
4455	2005	2
4460	2005	1
4465	2005	2
4480	2005	2
4495	2005	4
4505	2005	5
4510	2005	1
4515	2005	2
4520	2005	1
4535	2005	1
4540	2005	2
4545	2005	1
4560	2005	1
4565	2005	3
4570	2005	1
4585	2005	4
4595	2005	1
4610	2005	4
4615	2005	2
4620	2005	1
4625	2005	1
4640	2005	3
4650	2005	2
4655	2005	1
4660	2005	1
4680	2005	4
4685	2005	1
4690	2005	2
4700	2005	1
4710	2005	3
4725	2005	6
4730	2005	1
4745	2005	2
4750	2005	2
4760	2005	1
4765	2005	2
4770	2005	4
4775	2005	1
4780	2005	1
4785	2005	3
4790	2005	1
4795	2005	3
4800	2005	3
4805	2005	1
4810	2005	1
4815	2005	1
4820	2005	1
4825	2005	2
4830	2005	1
4835	2005	2
4850	2005	2
4855	2005	5
4865	2005	2
4875	2005	6
4880	2005	4
4885	2005	1
4890	2005	1
4895	2005	3
4900	2005	1
4905	2005	2
4910	2005	1
4915	2005	2
4925	2005	5
4935	2005	5
4950	2005	4
4970	2005	3
4975	2005	4
4980	2005	1
4995	2005	2
5000	2005	3
5010	2005	1
5015	2005	2
5020	2005	2
5025	2005	2
5030	2005	4
5035	2005	7
5040	2005	2
5050	2005	1
5055	2005	1
5060	2005	8
5070	2005	4
5075	2005	1
5080	2005	4
5085	2005	3
5095	2005	1
5100	2005	2
5110	2005	1
5115	2005	2
5120	2005	4
5125	2005	2
5130	2005	1
5135	2005	5
5140	2005	1
5145	2005	1
5160	2005	3
5165	2005	1
5170	2005	4
5175	2005	1
5180	2005	3
5185	2005	2
5190	2005	3
5195	2005	2
5200	2005	1
5205	2005	3
5210	2005	4
5215	2005	1
5225	2005	5
5240	2005	1
5245	2005	1
5255	2005	3
5265	2005	3
5275	2005	2
5280	2005	3
5285	2005	1
5290	2005	5
5295	2005	2
5305	2005	1
5310	2005	3
5315	2005	2
5320	2005	4
5330	2005	4
5335	2005	1
5340	2005	1
5345	2005	1
5350	2005	4
5355	2005	2
5360	2005	5
5365	2005	2
5370	2005	4
5375	2005	2
5380	2005	2
5385	2005	1
5390	2005	3
5395	2005	3
5400	2005	1
5405	2005	2
5410	2005	3
5415	2005	2
5420	2005	2
5425	2005	3
5430	2005	1
5435	2005	1
5440	2005	1
5445	2005	2
5450	2005	2
5460	2005	3
5465	2005	4
5470	2005	5
5475	2005	1
5480	2005	3
5485	2005	4
5490	2005	4
5495	2005	3
5500	2005	5
5505	2005	4
5510	2005	1
5515	2005	3
5520	2005	4
5525	2005	1
5530	2005	3
5535	2005	6
5540	2005	2
5545	2005	1
5550	2005	1
5555	2005	3
5560	2005	4
5570	2005	2
5575	2005	2
5580	2005	2
5585	2005	3
5590	2005	5
5600	2005	2
5605	2005	3
5610	2005	3
5620	2005	3
5625	2005	1
5645	2005	3
5655	2005	1
5660	2005	1
5665	2005	1
5670	2005	3
5675	2005	4
5680	2005	5
5685	2005	1
5695	2005	1
5700	2005	3
5705	2005	1
5710	2005	1
5715	2005	2
5720	2005	6
5730	2005	4
5740	2005	4
5745	2005	1
5755	2005	1
5760	2005	3
5765	2005	1
5770	2005	2
5780	2005	1
5785	2005	5
5790	2005	1
5795	2005	3
5805	2005	2
5810	2005	1
5815	2005	2
5820	2005	2
5825	2005	1
5835	2005	1
5840	2005	2
5845	2005	2
5850	2005	4
5855	2005	2
5860	2005	2
5885	2005	1
5890	2005	1
5895	2005	5
5900	2005	3
5905	2005	1
5915	2005	3
5920	2005	4
5925	2005	3
5930	2005	3
5945	2005	1
5950	2005	1
5960	2005	2
5965	2005	4
5970	2005	2
5975	2005	2
5980	2005	1
5985	2005	1
5990	2005	3
6000	2005	3
6005	2005	1
6010	2005	2
6015	2005	2
6020	2005	3
6030	2005	5
6035	2005	2
6040	2005	1
6045	2005	2
6050	2005	1
6060	2005	2
6065	2005	1
6085	2005	4
6090	2005	1
6095	2005	2
6100	2005	3
6115	2005	3
6125	2005	1
6135	2005	1
6140	2005	2
6145	2005	1
6150	2005	1
6160	2005	1
6165	2005	2
6175	2005	3
6180	2005	1
6185	2005	1
6190	2005	2
6195	2005	1
6205	2005	3
6215	2005	4
6220	2005	1
6225	2005	1
6230	2005	4
6235	2005	3
6245	2005	1
6250	2005	2
6255	2005	3
6260	2005	1
6275	2005	3
6290	2005	1
6295	2005	2
6300	2005	1
6310	2005	1
6315	2005	2
6320	2005	1
6325	2005	1
6330	2005	2
6335	2005	1
6345	2005	2
6350	2005	1
6355	2005	3
6360	2005	3
6365	2005	1
6370	2005	2
6375	2005	1
6385	2005	1
6395	2005	2
6400	2005	2
6405	2005	1
6415	2005	1
6425	2005	2
6440	2005	1
6445	2005	1
6455	2005	2
6460	2005	1
6465	2005	1
6470	2005	1
6480	2005	1
6500	2005	3
6515	2005	1
6520	2005	1
6525	2005	1
6585	2005	1
6590	2005	1
6595	2005	3
6610	2005	1
6615	2005	2
6620	2005	1
6630	2005	1
6640	2005	1
6645	2005	4
6670	2005	2
6680	2005	1
6690	2005	1
6700	2005	1
6705	2005	1
6710	2005	2
6715	2005	1
6725	2005	2
6730	2005	1
6735	2005	1
6740	2005	2
6745	2005	1
6750	2005	1
6765	2005	1
6780	2005	1
6795	2005	1
6810	2005	1
6830	2005	2
6845	2005	2
6905	2005	1
6960	2005	2
6975	2005	2
6985	2005	1
7000	2005	2
7035	2005	1
7050	2005	1
7055	2005	1
7075	2005	1
7085	2005	1
7095	2005	1
7155	2005	1
7200	2005	1
7260	2005	1
7265	2005	1
7310	2005	1
7425	2005	1
7510	2005	1
7700	2005	1
7780	2005	1
7910	2005	1
0	2006	3044
2680	2006	1
2685	2006	2
2920	2006	1
2995	2006	1
3035	2006	1
3050	2006	1
3105	2006	1
3135	2006	1
3185	2006	1
3210	2006	1
3215	2006	1
3245	2006	1
3270	2006	2
3295	2006	1
3300	2006	1
3315	2006	1
3350	2006	2
3355	2006	1
3410	2006	1
3450	2006	1
3470	2006	1
3475	2006	1
3505	2006	1
3520	2006	3
3530	2006	1
3580	2006	1
3620	2006	1
3625	2006	1
3640	2006	1
3645	2006	2
3660	2006	1
3670	2006	3
3685	2006	1
3700	2006	1
3705	2006	1
3725	2006	2
3735	2006	2
3740	2006	1
3770	2006	3
3785	2006	1
3805	2006	2
3835	2006	1
3865	2006	2
3875	2006	2
3880	2006	1
3885	2006	2
3890	2006	1
3900	2006	1
3905	2006	3
3925	2006	2
3935	2006	1
3940	2006	2
3975	2006	2
3995	2006	3
4005	2006	1
4010	2006	2
4020	2006	2
4025	2006	2
4030	2006	1
4035	2006	1
4045	2006	1
4050	2006	1
4055	2006	1
4060	2006	1
4105	2006	2
4110	2006	1
4120	2006	1
4135	2006	1
4140	2006	3
4150	2006	1
4155	2006	2
4160	2006	1
4170	2006	1
4175	2006	2
4195	2006	1
4205	2006	1
4220	2006	2
4225	2006	1
4230	2006	1
4240	2006	1
4245	2006	4
4280	2006	1
4285	2006	2
4290	2006	2
4300	2006	2
4305	2006	1
4310	2006	1
4325	2006	2
4330	2006	1
4340	2006	1
4345	2006	1
4355	2006	2
4360	2006	1
4365	2006	1
4370	2006	2
4375	2006	1
4380	2006	5
4390	2006	1
4395	2006	4
4400	2006	2
4410	2006	5
4415	2006	1
4420	2006	2
4435	2006	3
4440	2006	2
4445	2006	1
4450	2006	1
4460	2006	2
4480	2006	1
4485	2006	1
4495	2006	5
4500	2006	1
4505	2006	4
4510	2006	2
4515	2006	2
4525	2006	4
4530	2006	1
4535	2006	5
4540	2006	3
4545	2006	2
4555	2006	1
4560	2006	1
4565	2006	1
4570	2006	2
4580	2006	3
4585	2006	3
4590	2006	4
4595	2006	1
4600	2006	2
4610	2006	6
4620	2006	4
4625	2006	2
4635	2006	1
4640	2006	2
4650	2006	2
4655	2006	2
4660	2006	3
4665	2006	3
4670	2006	1
4675	2006	3
4680	2006	2
4685	2006	2
4690	2006	3
4700	2006	2
4705	2006	5
4710	2006	4
4715	2006	2
4720	2006	1
4725	2006	2
4730	2006	3
4735	2006	2
4745	2006	3
4750	2006	1
4760	2006	1
4765	2006	5
4770	2006	4
4775	2006	1
4780	2006	1
4785	2006	3
4795	2006	4
4800	2006	5
4805	2006	3
4815	2006	1
4820	2006	4
4825	2006	3
4830	2006	1
4835	2006	5
4840	2006	1
4845	2006	2
4850	2006	4
4855	2006	2
4860	2006	1
4865	2006	4
4870	2006	2
4875	2006	9
4880	2006	2
4885	2006	1
4890	2006	5
4895	2006	4
4900	2006	1
4915	2006	1
4925	2006	2
4935	2006	1
4940	2006	3
4950	2006	4
4955	2006	3
4960	2006	1
4965	2006	3
4970	2006	2
4975	2006	3
4980	2006	2
4985	2006	2
4990	2006	2
4995	2006	1
5000	2006	3
5005	2006	4
5015	2006	3
5020	2006	2
5025	2006	3
5030	2006	5
5035	2006	2
5040	2006	1
5045	2006	3
5055	2006	5
5060	2006	4
5065	2006	1
5070	2006	2
5075	2006	2
5080	2006	1
5085	2006	5
5095	2006	1
5100	2006	3
5105	2006	1
5110	2006	5
5115	2006	4
5120	2006	4
5125	2006	3
5130	2006	2
5135	2006	9
5145	2006	4
5150	2006	4
5155	2006	1
5160	2006	2
5165	2006	1
5170	2006	5
5175	2006	6
5180	2006	3
5185	2006	6
5190	2006	2
5195	2006	2
5200	2006	4
5205	2006	2
5210	2006	3
5215	2006	2
5220	2006	4
5225	2006	10
5230	2006	1
5235	2006	2
5240	2006	2
5245	2006	6
5250	2006	1
5255	2006	10
5260	2006	2
5270	2006	1
5280	2006	4
5285	2006	2
5290	2006	10
5300	2006	4
5305	2006	5
5310	2006	3
5315	2006	2
5320	2006	2
5325	2006	1
5330	2006	6
5335	2006	2
5345	2006	2
5350	2006	5
5355	2006	4
5360	2006	2
5370	2006	5
5375	2006	2
5380	2006	7
5385	2006	2
5390	2006	3
5395	2006	4
5400	2006	2
5405	2006	5
5410	2006	6
5415	2006	6
5425	2006	3
5430	2006	1
5435	2006	6
5440	2006	3
5445	2006	2
5450	2006	3
5455	2006	1
5460	2006	6
5465	2006	3
5470	2006	3
5475	2006	5
5480	2006	1
5485	2006	4
5495	2006	2
5500	2006	3
5505	2006	4
5515	2006	1
5520	2006	3
5525	2006	4
5530	2006	5
5535	2006	4
5540	2006	1
5545	2006	1
5550	2006	5
5555	2006	3
5560	2006	4
5565	2006	3
5570	2006	1
5575	2006	3
5580	2006	2
5585	2006	1
5590	2006	4
5600	2006	4
5605	2006	4
5610	2006	1
5615	2006	2
5620	2006	4
5625	2006	3
5635	2006	1
5640	2006	4
5645	2006	4
5650	2006	1
5655	2006	5
5660	2006	1
5665	2006	4
5670	2006	3
5675	2006	5
5680	2006	2
5695	2006	1
5700	2006	5
5705	2006	2
5710	2006	1
5715	2006	4
5720	2006	1
5725	2006	1
5730	2006	1
5735	2006	3
5740	2006	4
5745	2006	1
5755	2006	4
5760	2006	4
5765	2006	1
5770	2006	9
5775	2006	4
5780	2006	1
5785	2006	2
5790	2006	1
5795	2006	3
5800	2006	1
5805	2006	5
5810	2006	4
5815	2006	3
5820	2006	3
5825	2006	3
5830	2006	3
5840	2006	3
5845	2006	4
5850	2006	6
5855	2006	2
5865	2006	2
5870	2006	2
5880	2006	4
5885	2006	1
5895	2006	4
5900	2006	1
5905	2006	2
5910	2006	1
5915	2006	6
5920	2006	2
5940	2006	1
5945	2006	4
5950	2006	1
5955	2006	1
5960	2006	5
5970	2006	3
5980	2006	1
5985	2006	7
5990	2006	2
5995	2006	1
6000	2006	1
6005	2006	1
6010	2006	1
6015	2006	3
6025	2006	2
6030	2006	4
6035	2006	2
6045	2006	2
6050	2006	3
6055	2006	4
6060	2006	1
6070	2006	1
6080	2006	4
6085	2006	4
6090	2006	1
6095	2006	1
6105	2006	2
6110	2006	3
6115	2006	1
6120	2006	2
6125	2006	1
6135	2006	3
6140	2006	3
6145	2006	2
6150	2006	1
6155	2006	4
6165	2006	4
6170	2006	1
6175	2006	4
6180	2006	2
6185	2006	2
6190	2006	2
6195	2006	2
6200	2006	1
6210	2006	5
6220	2006	1
6225	2006	3
6230	2006	1
6235	2006	3
6255	2006	2
6260	2006	1
6265	2006	1
6270	2006	1
6275	2006	2
6280	2006	2
6285	2006	1
6290	2006	4
6295	2006	1
6300	2006	1
6305	2006	1
6310	2006	2
6320	2006	3
6325	2006	4
6330	2006	2
6340	2006	3
6345	2006	2
6350	2006	1
6355	2006	2
6360	2006	2
6370	2006	1
6375	2006	2
6390	2006	4
6395	2006	3
6400	2006	1
6405	2006	1
6410	2006	1
6415	2006	1
6420	2006	2
6425	2006	1
6430	2006	2
6435	2006	2
6445	2006	1
6450	2006	1
6455	2006	1
6465	2006	1
6470	2006	1
6475	2006	2
6490	2006	3
6495	2006	2
6500	2006	1
6510	2006	2
6515	2006	2
6520	2006	1
6525	2006	2
6530	2006	1
6535	2006	1
6540	2006	1
6545	2006	1
6550	2006	3
6555	2006	1
6560	2006	1
6575	2006	2
6580	2006	1
6590	2006	3
6595	2006	1
6605	2006	1
6610	2006	1
6615	2006	1
6620	2006	3
6625	2006	1
6630	2006	2
6635	2006	1
6650	2006	2
6655	2006	2
6660	2006	2
6670	2006	2
6675	2006	1
6680	2006	1
6690	2006	2
6705	2006	1
6725	2006	1
6730	2006	1
6750	2006	2
6755	2006	2
6765	2006	2
6770	2006	1
6775	2006	2
6785	2006	1
6795	2006	2
6800	2006	1
6805	2006	2
6810	2006	2
6830	2006	2
6845	2006	2
6850	2006	2
6855	2006	1
6875	2006	1
6880	2006	2
6890	2006	1
6895	2006	1
6905	2006	1
6935	2006	1
6955	2006	1
6965	2006	1
6975	2006	1
6990	2006	1
6995	2006	3
7020	2006	1
7030	2006	2
7035	2006	1
7050	2006	1
7055	2006	2
7070	2006	1
7085	2006	1
7130	2006	1
7140	2006	1
7150	2006	1
7180	2006	1
7190	2006	2
7205	2006	1
7215	2006	1
7250	2006	1
7280	2006	1
7345	2006	1
7415	2006	1
7440	2006	1
7465	2006	1
7480	2006	1
7520	2006	1
7595	2006	1
0	2007	3634
2620	2007	1
2860	2007	1
2940	2007	1
2980	2007	1
2985	2007	1
3000	2007	1
3055	2007	1
3060	2007	1
3085	2007	2
3135	2007	1
3165	2007	1
3170	2007	1
3175	2007	1
3215	2007	1
3270	2007	1
3280	2007	1
3300	2007	1
3315	2007	1
3320	2007	1
3355	2007	1
3375	2007	1
3395	2007	1
3400	2007	1
3415	2007	1
3420	2007	1
3435	2007	1
3450	2007	2
3520	2007	3
3525	2007	2
3530	2007	1
3565	2007	1
3570	2007	1
3580	2007	1
3620	2007	4
3625	2007	1
3650	2007	2
3665	2007	1
3670	2007	3
3675	2007	1
3690	2007	1
3695	2007	1
3700	2007	2
3715	2007	1
3720	2007	3
3725	2007	1
3730	2007	3
3735	2007	2
3770	2007	3
3780	2007	3
3785	2007	1
3790	2007	1
3820	2007	3
3845	2007	3
3855	2007	2
3865	2007	1
3875	2007	1
3885	2007	2
3890	2007	3
3900	2007	2
3905	2007	2
3925	2007	2
3935	2007	2
3940	2007	5
3945	2007	1
3950	2007	1
3955	2007	1
3960	2007	2
3975	2007	5
3980	2007	3
3995	2007	2
4005	2007	3
4010	2007	3
4020	2007	4
4025	2007	4
4030	2007	1
4035	2007	3
4045	2007	1
4050	2007	1
4060	2007	2
4065	2007	2
4080	2007	3
4090	2007	4
4095	2007	2
4100	2007	2
4105	2007	1
4110	2007	1
4120	2007	3
4125	2007	2
4135	2007	2
4145	2007	1
4155	2007	2
4160	2007	3
4165	2007	2
4170	2007	1
4175	2007	2
4180	2007	1
4185	2007	4
4190	2007	2
4195	2007	1
4200	2007	1
4205	2007	4
4210	2007	1
4220	2007	3
4225	2007	1
4240	2007	2
4245	2007	4
4255	2007	7
4260	2007	1
4265	2007	1
4270	2007	1
4275	2007	1
4280	2007	6
4290	2007	2
4295	2007	3
4305	2007	2
4315	2007	2
4320	2007	3
4330	2007	2
4340	2007	4
4345	2007	2
4355	2007	1
4360	2007	2
4365	2007	1
4370	2007	5
4375	2007	3
4380	2007	1
4385	2007	1
4390	2007	1
4405	2007	2
4410	2007	2
4420	2007	1
4425	2007	6
4430	2007	1
4435	2007	1
4440	2007	3
4445	2007	3
4450	2007	2
4455	2007	2
4460	2007	3
4465	2007	4
4470	2007	1
4480	2007	6
4485	2007	1
4495	2007	2
4505	2007	6
4510	2007	3
4515	2007	2
4525	2007	6
4530	2007	1
4535	2007	2
4540	2007	3
4545	2007	3
4550	2007	5
4560	2007	4
4565	2007	3
4570	2007	3
4585	2007	1
4590	2007	5
4595	2007	4
4600	2007	6
4615	2007	1
4620	2007	4
4625	2007	6
4630	2007	3
4635	2007	1
4640	2007	4
4650	2007	6
4660	2007	1
4665	2007	3
4675	2007	1
4680	2007	4
4685	2007	2
4695	2007	3
4700	2007	2
4705	2007	1
4710	2007	5
4715	2007	1
4720	2007	1
4725	2007	4
4730	2007	3
4735	2007	5
4745	2007	7
4750	2007	5
4755	2007	3
4760	2007	6
4765	2007	6
4770	2007	7
4775	2007	1
4780	2007	2
4785	2007	10
4790	2007	2
4795	2007	7
4800	2007	3
4805	2007	1
4810	2007	1
4815	2007	5
4820	2007	7
4825	2007	6
4830	2007	1
4835	2007	1
4840	2007	5
4845	2007	3
4850	2007	3
4855	2007	2
4860	2007	1
4865	2007	7
4870	2007	1
4875	2007	6
4880	2007	3
4885	2007	2
4890	2007	6
4895	2007	7
4900	2007	6
4905	2007	2
4910	2007	4
4915	2007	5
4920	2007	3
4925	2007	6
4930	2007	2
4935	2007	3
4940	2007	1
4945	2007	3
4950	2007	10
4955	2007	3
4965	2007	12
4970	2007	8
4975	2007	3
4980	2007	8
4985	2007	3
4990	2007	2
4995	2007	5
5000	2007	6
5005	2007	6
5010	2007	2
5015	2007	3
5020	2007	4
5025	2007	3
5030	2007	8
5035	2007	4
5040	2007	3
5045	2007	2
5050	2007	1
5055	2007	3
5060	2007	11
5070	2007	5
5075	2007	4
5080	2007	11
5085	2007	3
5090	2007	1
5095	2007	4
5100	2007	4
5105	2007	9
5110	2007	8
5115	2007	3
5120	2007	1
5125	2007	5
5130	2007	1
5135	2007	6
5140	2007	3
5145	2007	8
5150	2007	6
5155	2007	4
5160	2007	1
5165	2007	8
5170	2007	6
5175	2007	5
5180	2007	8
5185	2007	5
5190	2007	2
5195	2007	1
5200	2007	4
5205	2007	7
5215	2007	4
5220	2007	4
5225	2007	6
5230	2007	2
5235	2007	2
5240	2007	4
5245	2007	3
5250	2007	8
5255	2007	10
5260	2007	1
5265	2007	5
5270	2007	4
5275	2007	4
5280	2007	4
5285	2007	1
5290	2007	3
5295	2007	3
5300	2007	5
5305	2007	5
5310	2007	8
5315	2007	5
5320	2007	6
5325	2007	2
5330	2007	9
5335	2007	1
5345	2007	2
5350	2007	7
5355	2007	3
5360	2007	10
5365	2007	2
5370	2007	5
5375	2007	3
5380	2007	4
5385	2007	7
5390	2007	3
5395	2007	9
5405	2007	4
5410	2007	3
5415	2007	7
5420	2007	3
5425	2007	8
5430	2007	4
5435	2007	10
5440	2007	4
5445	2007	1
5450	2007	2
5455	2007	8
5460	2007	9
5465	2007	6
5470	2007	3
5475	2007	4
5480	2007	7
5485	2007	7
5490	2007	3
5495	2007	4
5500	2007	4
5505	2007	4
5510	2007	4
5515	2007	4
5520	2007	6
5525	2007	2
5530	2007	4
5535	2007	10
5540	2007	3
5545	2007	1
5550	2007	4
5555	2007	2
5560	2007	4
5565	2007	8
5570	2007	2
5575	2007	4
5580	2007	5
5585	2007	5
5590	2007	9
5595	2007	4
5600	2007	4
5605	2007	11
5615	2007	6
5620	2007	7
5625	2007	5
5630	2007	3
5635	2007	6
5640	2007	5
5645	2007	8
5650	2007	3
5655	2007	2
5660	2007	3
5665	2007	3
5670	2007	7
5675	2007	2
5680	2007	5
5685	2007	5
5690	2007	3
5695	2007	4
5700	2007	4
5705	2007	5
5710	2007	7
5715	2007	1
5720	2007	8
5725	2007	1
5730	2007	4
5735	2007	2
5740	2007	6
5745	2007	2
5750	2007	4
5755	2007	6
5760	2007	12
5765	2007	2
5770	2007	8
5775	2007	4
5780	2007	1
5785	2007	4
5790	2007	2
5795	2007	6
5800	2007	1
5805	2007	7
5810	2007	6
5815	2007	9
5820	2007	5
5825	2007	5
5830	2007	4
5835	2007	3
5840	2007	2
5845	2007	4
5850	2007	1
5855	2007	5
5860	2007	4
5870	2007	2
5875	2007	2
5880	2007	4
5885	2007	1
5890	2007	1
5895	2007	2
5900	2007	2
5905	2007	2
5910	2007	4
5915	2007	4
5920	2007	1
5925	2007	6
5930	2007	5
5935	2007	2
5940	2007	2
5945	2007	3
5950	2007	3
5955	2007	3
5960	2007	4
5965	2007	3
5970	2007	2
5975	2007	5
5980	2007	3
5985	2007	4
5990	2007	1
5995	2007	1
6000	2007	9
6005	2007	1
6010	2007	4
6015	2007	5
6020	2007	2
6025	2007	3
6030	2007	2
6035	2007	4
6040	2007	3
6045	2007	4
6050	2007	3
6055	2007	6
6060	2007	5
6065	2007	1
6070	2007	5
6080	2007	6
6085	2007	3
6095	2007	3
6100	2007	4
6105	2007	1
6110	2007	2
6115	2007	6
6120	2007	3
6130	2007	2
6140	2007	7
6145	2007	1
6150	2007	1
6155	2007	7
6165	2007	4
6170	2007	2
6175	2007	4
6180	2007	1
6190	2007	3
6195	2007	4
6205	2007	1
6210	2007	5
6215	2007	6
6220	2007	7
6225	2007	1
6230	2007	1
6235	2007	1
6240	2007	2
6250	2007	2
6255	2007	2
6260	2007	3
6265	2007	1
6270	2007	5
6275	2007	4
6280	2007	1
6290	2007	5
6295	2007	4
6305	2007	2
6310	2007	3
6315	2007	2
6320	2007	6
6325	2007	1
6330	2007	1
6335	2007	3
6340	2007	1
6345	2007	2
6350	2007	2
6355	2007	4
6360	2007	2
6365	2007	1
6375	2007	5
6385	2007	2
6390	2007	2
6395	2007	3
6405	2007	4
6410	2007	1
6415	2007	1
6420	2007	1
6425	2007	3
6430	2007	1
6440	2007	1
6445	2007	1
6450	2007	3
6455	2007	6
6460	2007	2
6465	2007	1
6470	2007	2
6480	2007	1
6485	2007	1
6495	2007	3
6505	2007	1
6510	2007	2
6515	2007	2
6520	2007	5
6525	2007	2
6530	2007	2
6535	2007	6
6540	2007	1
6545	2007	1
6550	2007	1
6560	2007	3
6565	2007	5
6570	2007	2
6575	2007	2
6590	2007	3
6595	2007	2
6600	2007	1
6605	2007	1
6615	2007	1
6620	2007	3
6625	2007	3
6630	2007	3
6640	2007	5
6645	2007	3
6650	2007	1
6660	2007	1
6665	2007	2
6680	2007	1
6685	2007	1
6690	2007	3
6695	2007	2
6705	2007	2
6710	2007	2
6715	2007	2
6720	2007	2
6725	2007	1
6730	2007	2
6735	2007	1
6740	2007	3
6745	2007	3
6750	2007	2
6760	2007	1
6765	2007	3
6775	2007	2
6785	2007	1
6795	2007	1
6815	2007	1
6825	2007	1
6840	2007	1
6865	2007	1
6870	2007	3
6880	2007	1
6895	2007	1
6900	2007	1
6905	2007	2
6920	2007	1
6925	2007	3
6935	2007	2
6955	2007	1
6960	2007	2
6965	2007	1
6975	2007	1
6980	2007	1
6990	2007	1
7000	2007	1
7005	2007	1
7020	2007	1
7025	2007	1
7050	2007	1
7080	2007	3
7085	2007	2
7095	2007	2
7105	2007	1
7115	2007	1
7125	2007	1
7150	2007	1
7155	2007	1
7165	2007	2
7170	2007	1
7180	2007	1
7185	2007	1
7190	2007	1
7210	2007	1
7235	2007	2
7240	2007	1
7250	2007	2
7290	2007	1
7320	2007	1
7325	2007	1
7345	2007	1
7350	2007	1
7360	2007	1
7370	2007	1
7380	2007	1
7385	2007	1
7395	2007	1
7400	2007	1
7445	2007	1
7455	2007	1
7465	2007	2
7590	2007	1
7675	2007	1
7700	2007	1
7715	2007	1
7770	2007	1
7850	2007	1
7905	2007	1
0	2008	4156
2335	2008	1
2690	2008	1
2820	2008	1
2940	2008	1
2945	2008	1
2980	2008	1
3010	2008	1
3015	2008	1
3075	2008	1
3210	2008	1
3235	2008	2
3245	2008	1
3250	2008	2
3265	2008	2
3270	2008	2
3295	2008	1
3300	2008	1
3305	2008	2
3320	2008	1
3335	2008	1
3365	2008	1
3395	2008	3
3400	2008	1
3450	2008	1
3470	2008	2
3490	2008	2
3495	2008	1
3500	2008	2
3505	2008	2
3515	2008	1
3520	2008	3
3525	2008	2
3545	2008	2
3570	2008	2
3575	2008	1
3600	2008	1
3605	2008	1
3615	2008	1
3620	2008	3
3625	2008	1
3645	2008	1
3660	2008	2
3665	2008	1
3670	2008	1
3675	2008	1
3685	2008	1
3695	2008	1
3700	2008	2
3705	2008	3
3720	2008	2
3730	2008	3
3735	2008	2
3740	2008	1
3755	2008	2
3765	2008	1
3770	2008	2
3785	2008	1
3805	2008	3
3810	2008	1
3815	2008	2
3820	2008	4
3830	2008	1
3855	2008	3
3875	2008	4
3880	2008	1
3885	2008	5
3890	2008	1
3895	2008	1
3900	2008	2
3905	2008	3
3920	2008	1
3925	2008	1
3935	2008	2
3940	2008	1
3945	2008	1
3955	2008	1
3960	2008	5
3965	2008	1
3975	2008	4
3980	2008	1
3985	2008	1
3995	2008	4
4005	2008	2
4010	2008	1
4020	2008	5
4025	2008	4
4030	2008	1
4035	2008	1
4045	2008	1
4055	2008	5
4060	2008	1
4065	2008	2
4075	2008	1
4080	2008	1
4090	2008	5
4095	2008	3
4100	2008	2
4105	2008	4
4110	2008	1
4115	2008	1
4120	2008	2
4125	2008	1
4135	2008	1
4140	2008	2
4145	2008	1
4150	2008	6
4160	2008	9
4165	2008	3
4170	2008	1
4175	2008	5
4185	2008	2
4190	2008	1
4195	2008	4
4200	2008	3
4205	2008	9
4210	2008	4
4220	2008	4
4225	2008	1
4240	2008	9
4245	2008	7
4250	2008	1
4255	2008	5
4260	2008	1
4270	2008	1
4275	2008	2
4280	2008	6
4290	2008	3
4300	2008	4
4305	2008	7
4310	2008	2
4315	2008	7
4320	2008	1
4325	2008	2
4330	2008	5
4335	2008	1
4340	2008	5
4345	2008	2
4360	2008	3
4365	2008	1
4370	2008	4
4375	2008	9
4385	2008	1
4390	2008	4
4395	2008	4
4400	2008	2
4405	2008	4
4410	2008	10
4420	2008	1
4425	2008	3
4430	2008	3
4435	2008	2
4440	2008	5
4445	2008	2
4450	2008	5
4460	2008	4
4465	2008	2
4470	2008	3
4475	2008	1
4480	2008	12
4485	2008	1
4490	2008	4
4495	2008	2
4505	2008	3
4510	2008	5
4515	2008	5
4525	2008	2
4530	2008	2
4535	2008	3
4540	2008	7
4545	2008	2
4550	2008	9
4560	2008	13
4565	2008	4
4570	2008	4
4575	2008	1
4580	2008	1
4585	2008	5
4590	2008	9
4595	2008	6
4600	2008	8
4610	2008	4
4615	2008	2
4620	2008	5
4625	2008	7
4630	2008	5
4635	2008	2
4640	2008	1
4645	2008	9
4650	2008	4
4655	2008	3
4665	2008	4
4670	2008	5
4675	2008	3
4680	2008	7
4685	2008	6
4690	2008	2
4695	2008	4
4700	2008	1
4705	2008	6
4710	2008	8
4715	2008	4
4720	2008	1
4725	2008	5
4730	2008	9
4735	2008	4
4740	2008	1
4745	2008	3
4750	2008	6
4755	2008	2
4760	2008	5
4765	2008	8
4770	2008	12
4775	2008	2
4780	2008	3
4785	2008	4
4790	2008	4
4795	2008	6
4800	2008	9
4805	2008	4
4810	2008	6
4815	2008	2
4820	2008	7
4825	2008	6
4830	2008	6
4835	2008	5
4840	2008	2
4845	2008	6
4850	2008	6
4855	2008	11
4860	2008	3
4865	2008	6
4870	2008	5
4875	2008	7
4880	2008	6
4885	2008	3
4890	2008	8
4895	2008	8
4900	2008	6
4905	2008	3
4910	2008	5
4915	2008	5
4920	2008	3
4925	2008	5
4930	2008	7
4935	2008	10
4940	2008	4
4945	2008	5
4950	2008	8
4955	2008	7
4960	2008	3
4965	2008	6
4970	2008	8
4975	2008	10
4980	2008	17
4985	2008	2
4990	2008	2
4995	2008	8
5000	2008	6
5005	2008	12
5010	2008	2
5015	2008	7
5020	2008	7
5025	2008	2
5030	2008	9
5035	2008	9
5040	2008	3
5045	2008	5
5055	2008	11
5060	2008	10
5065	2008	2
5070	2008	3
5075	2008	9
5080	2008	13
5085	2008	11
5095	2008	9
5100	2008	5
5105	2008	6
5110	2008	15
5115	2008	9
5120	2008	5
5125	2008	7
5130	2008	3
5135	2008	17
5145	2008	15
5150	2008	9
5155	2008	2
5160	2008	2
5165	2008	5
5170	2008	11
5175	2008	9
5180	2008	4
5185	2008	7
5190	2008	4
5195	2008	5
5200	2008	10
5205	2008	6
5210	2008	5
5215	2008	6
5220	2008	6
5225	2008	16
5230	2008	3
5235	2008	2
5240	2008	8
5245	2008	5
5250	2008	6
5255	2008	6
5260	2008	3
5265	2008	12
5270	2008	4
5275	2008	5
5280	2008	17
5285	2008	2
5290	2008	11
5295	2008	5
5300	2008	8
5305	2008	7
5310	2008	5
5315	2008	3
5320	2008	5
5325	2008	5
5330	2008	13
5335	2008	9
5340	2008	5
5345	2008	3
5350	2008	12
5355	2008	5
5360	2008	8
5365	2008	3
5370	2008	7
5375	2008	8
5380	2008	11
5385	2008	7
5390	2008	2
5395	2008	2
5400	2008	2
5405	2008	6
5410	2008	6
5415	2008	6
5420	2008	2
5425	2008	11
5430	2008	8
5435	2008	9
5440	2008	6
5445	2008	9
5450	2008	5
5455	2008	10
5460	2008	11
5465	2008	3
5470	2008	6
5475	2008	5
5480	2008	5
5485	2008	13
5490	2008	2
5495	2008	1
5500	2008	18
5505	2008	3
5510	2008	11
5515	2008	6
5520	2008	8
5525	2008	3
5530	2008	6
5535	2008	14
5540	2008	3
5545	2008	8
5550	2008	6
5555	2008	8
5560	2008	8
5565	2008	12
5570	2008	1
5575	2008	13
5580	2008	9
5585	2008	5
5590	2008	14
5595	2008	2
5600	2008	6
5605	2008	13
5610	2008	3
5615	2008	3
5620	2008	11
5625	2008	10
5630	2008	4
5635	2008	9
5640	2008	7
5645	2008	8
5650	2008	5
5655	2008	10
5660	2008	9
5665	2008	4
5670	2008	13
5675	2008	7
5680	2008	8
5685	2008	10
5690	2008	3
5695	2008	3
5700	2008	13
5705	2008	7
5710	2008	8
5715	2008	2
5720	2008	8
5725	2008	2
5730	2008	9
5735	2008	2
5740	2008	7
5745	2008	3
5750	2008	2
5755	2008	6
5760	2008	9
5765	2008	5
5770	2008	6
5775	2008	10
5780	2008	2
5785	2008	6
5790	2008	1
5795	2008	4
5800	2008	4
5805	2008	6
5810	2008	5
5815	2008	6
5820	2008	4
5825	2008	7
5830	2008	2
5835	2008	6
5840	2008	5
5845	2008	5
5850	2008	6
5855	2008	10
5860	2008	2
5865	2008	4
5870	2008	6
5875	2008	5
5880	2008	5
5885	2008	4
5890	2008	8
5895	2008	4
5900	2008	5
5905	2008	12
5910	2008	8
5915	2008	7
5920	2008	6
5925	2008	8
5930	2008	5
5935	2008	5
5940	2008	5
5945	2008	9
5950	2008	2
5955	2008	1
5960	2008	8
5965	2008	1
5970	2008	1
5980	2008	4
5985	2008	6
5990	2008	7
5995	2008	3
6000	2008	6
6005	2008	2
6010	2008	6
6015	2008	10
6020	2008	3
6025	2008	6
6030	2008	6
6035	2008	1
6040	2008	9
6045	2008	5
6050	2008	1
6055	2008	2
6060	2008	4
6065	2008	8
6070	2008	7
6080	2008	9
6085	2008	7
6090	2008	5
6095	2008	5
6100	2008	5
6110	2008	9
6115	2008	5
6120	2008	7
6125	2008	4
6130	2008	3
6135	2008	4
6140	2008	8
6145	2008	4
6150	2008	1
6155	2008	7
6160	2008	1
6165	2008	3
6170	2008	3
6175	2008	7
6185	2008	3
6190	2008	7
6195	2008	12
6200	2008	3
6205	2008	2
6210	2008	4
6215	2008	3
6220	2008	8
6225	2008	3
6230	2008	8
6235	2008	8
6240	2008	2
6245	2008	4
6250	2008	7
6255	2008	5
6260	2008	6
6265	2008	6
6270	2008	3
6275	2008	2
6280	2008	4
6285	2008	1
6290	2008	5
6300	2008	2
6305	2008	4
6310	2008	4
6315	2008	2
6320	2008	4
6325	2008	4
6330	2008	5
6335	2008	4
6340	2008	4
6345	2008	2
6350	2008	7
6355	2008	1
6360	2008	5
6365	2008	4
6370	2008	1
6375	2008	5
6380	2008	1
6385	2008	4
6395	2008	4
6400	2008	1
6405	2008	2
6410	2008	3
6415	2008	2
6420	2008	3
6425	2008	5
6430	2008	7
6435	2008	3
6440	2008	5
6450	2008	1
6455	2008	2
6460	2008	2
6465	2008	2
6470	2008	2
6475	2008	1
6480	2008	5
6485	2008	5
6490	2008	9
6495	2008	1
6500	2008	2
6505	2008	2
6510	2008	4
6515	2008	4
6520	2008	4
6525	2008	2
6530	2008	4
6535	2008	5
6540	2008	1
6545	2008	5
6550	2008	6
6555	2008	4
6560	2008	3
6565	2008	5
6570	2008	4
6575	2008	4
6580	2008	1
6590	2008	6
6605	2008	5
6610	2008	1
6615	2008	3
6620	2008	6
6625	2008	2
6630	2008	1
6635	2008	2
6640	2008	1
6645	2008	3
6655	2008	4
6660	2008	4
6665	2008	1
6670	2008	4
6675	2008	2
6680	2008	4
6685	2008	3
6690	2008	5
6695	2008	2
6700	2008	1
6705	2008	1
6710	2008	4
6715	2008	4
6720	2008	3
6730	2008	4
6735	2008	1
6740	2008	1
6745	2008	6
6750	2008	3
6755	2008	2
6760	2008	1
6765	2008	5
6775	2008	2
6780	2008	2
6785	2008	1
6790	2008	2
6795	2008	2
6800	2008	3
6805	2008	1
6810	2008	3
6815	2008	5
6820	2008	1
6830	2008	3
6835	2008	2
6840	2008	1
6845	2008	3
6850	2008	2
6855	2008	1
6860	2008	1
6865	2008	1
6875	2008	1
6880	2008	2
6890	2008	2
6895	2008	1
6910	2008	1
6925	2008	2
6930	2008	1
6935	2008	2
6940	2008	1
6945	2008	1
6960	2008	2
6965	2008	5
6975	2008	2
6980	2008	2
6990	2008	1
6995	2008	2
7000	2008	2
7005	2008	3
7010	2008	1
7015	2008	1
7020	2008	1
7035	2008	1
7045	2008	1
7050	2008	1
7055	2008	1
7075	2008	2
7085	2008	2
7095	2008	5
7105	2008	4
7115	2008	2
7135	2008	1
7140	2008	1
7150	2008	1
7155	2008	1
7160	2008	1
7165	2008	2
7175	2008	1
7190	2008	1
7200	2008	1
7210	2008	3
7215	2008	2
7235	2008	2
7245	2008	1
7255	2008	1
7260	2008	1
7265	2008	1
7275	2008	1
7280	2008	2
7305	2008	1
7310	2008	1
7315	2008	1
7350	2008	1
7360	2008	1
7370	2008	1
7385	2008	1
7425	2008	1
7435	2008	1
7470	2008	1
7485	2008	1
7500	2008	1
7525	2008	1
7530	2008	1
7560	2008	1
7595	2008	1
7630	2008	1
7635	2008	1
7685	2008	2
8130	2008	1
0	2009	5032
2240	2009	1
2360	2009	1
2515	2009	1
2545	2009	1
2615	2009	1
2650	2009	1
2685	2009	1
2720	2009	1
2950	2009	1
2980	2009	2
3025	2009	1
3055	2009	1
3085	2009	1
3100	2009	1
3105	2009	2
3115	2009	1
3145	2009	1
3170	2009	2
3200	2009	1
3210	2009	2
3235	2009	2
3245	2009	1
3250	2009	1
3265	2009	1
3270	2009	1
3290	2009	1
3300	2009	2
3305	2009	2
3330	2009	1
3335	2009	1
3350	2009	2
3365	2009	2
3370	2009	3
3375	2009	3
3380	2009	2
3390	2009	1
3395	2009	2
3400	2009	2
3410	2009	1
3415	2009	3
3420	2009	1
3430	2009	1
3445	2009	1
3450	2009	3
3460	2009	3
3470	2009	1
3490	2009	2
3495	2009	2
3500	2009	2
3510	2009	1
3520	2009	6
3525	2009	3
3530	2009	4
3545	2009	1
3550	2009	1
3565	2009	1
3570	2009	4
3575	2009	3
3580	2009	2
3590	2009	2
3620	2009	3
3625	2009	5
3645	2009	2
3650	2009	3
3655	2009	1
3660	2009	2
3665	2009	3
3670	2009	3
3675	2009	6
3690	2009	2
3695	2009	1
3700	2009	3
3705	2009	1
3720	2009	1
3735	2009	2
3740	2009	1
3755	2009	1
3770	2009	6
3780	2009	3
3785	2009	1
3790	2009	1
3800	2009	1
3805	2009	4
3815	2009	2
3820	2009	6
3825	2009	2
3835	2009	4
3845	2009	2
3850	2009	1
3855	2009	8
3865	2009	7
3875	2009	1
3880	2009	1
3885	2009	4
3890	2009	2
3900	2009	6
3905	2009	7
3915	2009	1
3920	2009	4
3925	2009	8
3930	2009	1
3935	2009	4
3940	2009	4
3945	2009	2
3950	2009	3
3955	2009	1
3960	2009	5
3970	2009	1
3975	2009	2
3980	2009	3
3985	2009	7
3995	2009	6
4010	2009	7
4020	2009	8
4025	2009	5
4030	2009	2
4035	2009	1
4045	2009	1
4050	2009	3
4055	2009	10
4060	2009	3
4065	2009	3
4075	2009	2
4080	2009	4
4085	2009	1
4090	2009	5
4095	2009	2
4100	2009	3
4105	2009	2
4110	2009	7
4115	2009	2
4120	2009	4
4125	2009	4
4130	2009	3
4135	2009	2
4140	2009	5
4145	2009	1
4150	2009	3
4155	2009	4
4160	2009	8
4165	2009	2
4170	2009	2
4175	2009	3
4185	2009	7
4190	2009	2
4195	2009	2
4200	2009	2
4205	2009	8
4210	2009	5
4220	2009	5
4225	2009	1
4230	2009	1
4240	2009	10
4245	2009	6
4250	2009	1
4255	2009	3
4265	2009	5
4270	2009	2
4275	2009	4
4280	2009	15
4285	2009	2
4290	2009	3
4295	2009	5
4300	2009	3
4305	2009	3
4310	2009	8
4315	2009	12
4320	2009	2
4325	2009	1
4330	2009	6
4335	2009	2
4340	2009	6
4345	2009	5
4350	2009	5
4355	2009	7
4360	2009	4
4365	2009	5
4370	2009	6
4375	2009	7
4380	2009	1
4385	2009	2
4390	2009	9
4395	2009	6
4400	2009	8
4405	2009	6
4410	2009	9
4415	2009	3
4420	2009	8
4425	2009	7
4430	2009	4
4435	2009	4
4440	2009	7
4445	2009	7
4450	2009	6
4455	2009	4
4460	2009	4
4465	2009	6
4470	2009	2
4475	2009	2
4480	2009	14
4485	2009	1
4490	2009	5
4495	2009	8
4500	2009	3
4505	2009	9
4510	2009	7
4520	2009	2
4525	2009	3
4530	2009	5
4535	2009	6
4540	2009	6
4545	2009	5
4550	2009	5
4555	2009	1
4560	2009	6
4565	2009	13
4570	2009	7
4575	2009	3
4580	2009	4
4585	2009	4
4590	2009	2
4595	2009	10
4600	2009	13
4610	2009	4
4615	2009	2
4620	2009	8
4625	2009	9
4630	2009	8
4640	2009	7
4645	2009	11
4650	2009	6
4655	2009	7
4660	2009	5
4665	2009	6
4670	2009	3
4675	2009	3
4680	2009	8
4685	2009	7
4690	2009	5
4695	2009	6
4705	2009	6
4710	2009	8
4715	2009	4
4720	2009	2
4725	2009	6
4730	2009	15
4735	2009	5
4740	2009	5
4745	2009	5
4750	2009	8
4755	2009	3
4760	2009	13
4765	2009	8
4770	2009	6
4785	2009	18
4790	2009	8
4795	2009	9
4800	2009	11
4805	2009	3
4810	2009	10
4815	2009	7
4820	2009	5
4825	2009	13
4830	2009	8
4835	2009	5
4840	2009	10
4845	2009	8
4850	2009	12
4855	2009	8
4860	2009	2
4865	2009	16
4870	2009	3
4875	2009	9
4880	2009	6
4885	2009	2
4890	2009	12
4895	2009	15
4900	2009	8
4905	2009	7
4910	2009	4
4915	2009	13
4920	2009	8
4925	2009	13
4930	2009	3
4935	2009	10
4940	2009	6
4945	2009	8
4950	2009	11
4955	2009	5
4960	2009	3
4965	2009	3
4970	2009	9
4975	2009	4
4980	2009	15
4985	2009	2
4990	2009	6
4995	2009	4
5000	2009	18
5005	2009	19
5010	2009	1
5015	2009	5
5020	2009	7
5025	2009	5
5030	2009	13
5035	2009	14
5040	2009	3
5045	2009	9
5050	2009	1
5055	2009	9
5060	2009	23
5065	2009	1
5070	2009	9
5075	2009	5
5080	2009	20
5085	2009	12
5090	2009	3
5095	2009	15
5100	2009	10
5105	2009	11
5110	2009	8
5115	2009	6
5120	2009	3
5125	2009	8
5130	2009	5
5135	2009	11
5140	2009	2
5145	2009	6
5150	2009	11
5155	2009	4
5160	2009	8
5165	2009	4
5170	2009	12
5175	2009	12
5180	2009	6
5185	2009	13
5190	2009	7
5195	2009	9
5200	2009	10
5205	2009	10
5210	2009	8
5215	2009	6
5220	2009	8
5225	2009	27
5230	2009	2
5235	2009	2
5240	2009	11
5245	2009	11
5250	2009	5
5255	2009	11
5260	2009	6
5265	2009	12
5270	2009	7
5275	2009	15
5280	2009	9
5285	2009	6
5290	2009	12
5295	2009	7
5300	2009	6
5305	2009	8
5310	2009	4
5315	2009	6
5320	2009	10
5325	2009	6
5330	2009	19
5335	2009	4
5340	2009	4
5345	2009	5
5350	2009	8
5355	2009	14
5360	2009	8
5365	2009	6
5370	2009	1
5375	2009	8
5380	2009	10
5385	2009	11
5390	2009	9
5395	2009	7
5400	2009	4
5405	2009	10
5410	2009	17
5415	2009	14
5420	2009	1
5425	2009	6
5430	2009	8
5435	2009	15
5440	2009	4
5445	2009	6
5450	2009	10
5455	2009	5
5460	2009	10
5465	2009	6
5470	2009	14
5475	2009	3
5480	2009	7
5485	2009	20
5490	2009	6
5495	2009	6
5500	2009	8
5505	2009	9
5510	2009	11
5515	2009	5
5520	2009	12
5525	2009	6
5530	2009	9
5535	2009	12
5540	2009	12
5545	2009	6
5550	2009	7
5555	2009	10
5560	2009	11
5565	2009	11
5570	2009	3
5575	2009	13
5580	2009	8
5585	2009	11
5590	2009	21
5595	2009	7
5600	2009	2
5605	2009	12
5610	2009	10
5615	2009	8
5620	2009	9
5625	2009	10
5630	2009	4
5635	2009	10
5640	2009	12
5645	2009	15
5650	2009	4
5655	2009	4
5660	2009	11
5665	2009	9
5670	2009	14
5675	2009	12
5680	2009	7
5685	2009	3
5695	2009	5
5700	2009	13
5705	2009	7
5710	2009	5
5715	2009	4
5720	2009	8
5725	2009	4
5730	2009	4
5735	2009	2
5740	2009	11
5745	2009	5
5750	2009	9
5755	2009	8
5760	2009	12
5765	2009	6
5770	2009	11
5775	2009	9
5780	2009	4
5785	2009	6
5790	2009	4
5795	2009	10
5800	2009	3
5805	2009	13
5810	2009	6
5815	2009	10
5820	2009	4
5825	2009	10
5830	2009	2
5835	2009	6
5840	2009	10
5845	2009	7
5850	2009	15
5855	2009	7
5860	2009	11
5865	2009	11
5870	2009	13
5875	2009	9
5880	2009	12
5885	2009	8
5890	2009	5
5895	2009	8
5900	2009	5
5905	2009	6
5910	2009	2
5915	2009	11
5920	2009	4
5925	2009	7
5930	2009	10
5935	2009	6
5940	2009	5
5945	2009	16
5950	2009	6
5955	2009	4
5960	2009	12
5965	2009	6
5970	2009	5
5975	2009	6
5980	2009	10
5985	2009	9
5990	2009	4
5995	2009	2
6000	2009	17
6005	2009	10
6010	2009	7
6015	2009	10
6020	2009	8
6025	2009	7
6030	2009	7
6035	2009	14
6040	2009	6
6045	2009	8
6050	2009	4
6055	2009	12
6060	2009	13
6065	2009	4
6070	2009	9
6080	2009	6
6085	2009	9
6090	2009	4
6095	2009	5
6100	2009	11
6105	2009	4
6110	2009	10
6115	2009	8
6120	2009	12
6125	2009	4
6130	2009	3
6135	2009	5
6140	2009	8
6145	2009	5
6150	2009	7
6155	2009	12
6160	2009	2
6165	2009	8
6170	2009	6
6175	2009	10
6180	2009	6
6185	2009	2
6190	2009	4
6195	2009	10
6200	2009	4
6205	2009	7
6210	2009	9
6215	2009	9
6220	2009	7
6225	2009	7
6230	2009	5
6235	2009	6
6240	2009	10
6245	2009	5
6250	2009	7
6255	2009	4
6260	2009	4
6265	2009	5
6270	2009	4
6275	2009	3
6280	2009	5
6290	2009	8
6295	2009	11
6300	2009	5
6305	2009	3
6310	2009	6
6315	2009	1
6320	2009	4
6325	2009	2
6330	2009	5
6335	2009	3
6340	2009	8
6345	2009	2
6350	2009	2
6355	2009	2
6360	2009	3
6365	2009	4
6370	2009	2
6375	2009	12
6380	2009	2
6385	2009	5
6395	2009	7
6400	2009	2
6405	2009	3
6410	2009	3
6415	2009	7
6420	2009	6
6425	2009	10
6430	2009	2
6435	2009	7
6440	2009	6
6445	2009	3
6450	2009	3
6455	2009	2
6460	2009	5
6470	2009	5
6475	2009	4
6480	2009	5
6485	2009	3
6490	2009	5
6495	2009	4
6500	2009	3
6505	2009	1
6510	2009	2
6515	2009	4
6520	2009	4
6525	2009	2
6530	2009	3
6535	2009	4
6540	2009	1
6545	2009	2
6550	2009	2
6555	2009	4
6560	2009	4
6565	2009	8
6570	2009	4
6580	2009	4
6585	2009	1
6590	2009	8
6595	2009	7
6600	2009	2
6605	2009	3
6610	2009	10
6615	2009	1
6620	2009	8
6630	2009	5
6635	2009	2
6640	2009	6
6645	2009	5
6650	2009	1
6655	2009	6
6660	2009	6
6665	2009	3
6670	2009	1
6680	2009	3
6685	2009	3
6690	2009	7
6695	2009	1
6700	2009	3
6705	2009	1
6710	2009	1
6715	2009	7
6720	2009	1
6725	2009	3
6730	2009	4
6735	2009	3
6740	2009	2
6745	2009	1
6750	2009	4
6755	2009	1
6760	2009	3
6765	2009	4
6770	2009	1
6775	2009	2
6780	2009	4
6785	2009	3
6790	2009	1
6800	2009	1
6805	2009	2
6810	2009	1
6815	2009	4
6820	2009	1
6830	2009	3
6835	2009	2
6840	2009	1
6845	2009	4
6850	2009	1
6855	2009	3
6860	2009	1
6865	2009	1
6870	2009	4
6880	2009	3
6885	2009	2
6890	2009	2
6895	2009	3
6900	2009	1
6905	2009	2
6915	2009	1
6920	2009	3
6930	2009	1
6935	2009	2
6940	2009	2
6945	2009	1
6950	2009	1
6955	2009	3
6960	2009	6
6965	2009	1
6975	2009	2
6980	2009	2
6985	2009	2
6995	2009	2
7000	2009	4
7005	2009	1
7015	2009	3
7020	2009	1
7030	2009	5
7035	2009	3
7040	2009	2
7050	2009	2
7055	2009	2
7065	2009	1
7075	2009	1
7080	2009	2
7095	2009	2
7110	2009	1
7120	2009	2
7125	2009	1
7130	2009	1
7135	2009	1
7155	2009	2
7165	2009	2
7170	2009	1
7175	2009	2
7180	2009	1
7185	2009	1
7195	2009	2
7200	2009	1
7215	2009	2
7220	2009	1
7235	2009	3
7240	2009	2
7245	2009	1
7250	2009	1
7255	2009	1
7260	2009	2
7265	2009	1
7270	2009	3
7280	2009	1
7315	2009	1
7320	2009	1
7325	2009	1
7335	2009	2
7355	2009	1
7370	2009	1
7380	2009	2
7395	2009	2
7420	2009	1
7425	2009	1
7440	2009	2
7455	2009	1
7465	2009	2
7475	2009	2
7480	2009	1
7510	2009	1
7520	2009	2
7545	2009	1
7560	2009	1
7570	2009	1
7580	2009	1
7595	2009	1
7630	2009	1
7660	2009	2
7665	2009	2
7690	2009	1
7745	2009	2
7850	2009	1
7930	2009	1
0	2010	6505
2430	2010	1
2580	2010	2
2655	2010	1
2665	2010	1
2680	2010	2
2725	2010	4
2775	2010	1
2780	2010	1
2785	2010	1
2790	2010	2
2830	2010	1
2835	2010	1
2860	2010	1
2880	2010	1
2895	2010	1
2920	2010	1
2930	2010	1
2945	2010	1
2995	2010	1
3025	2010	1
3035	2010	1
3055	2010	5
3060	2010	2
3070	2010	1
3085	2010	1
3095	2010	2
3105	2010	1
3115	2010	1
3125	2010	3
3135	2010	1
3140	2010	3
3150	2010	1
3165	2010	1
3170	2010	3
3175	2010	3
3185	2010	7
3200	2010	1
3210	2010	2
3215	2010	2
3220	2010	3
3235	2010	2
3245	2010	1
3250	2010	1
3255	2010	1
3270	2010	1
3280	2010	1
3290	2010	1
3300	2010	1
3305	2010	3
3310	2010	3
3315	2010	3
3320	2010	1
3330	2010	1
3335	2010	3
3345	2010	1
3350	2010	6
3365	2010	2
3375	2010	1
3395	2010	2
3400	2010	2
3410	2010	1
3415	2010	2
3420	2010	3
3425	2010	1
3430	2010	2
3435	2010	1
3440	2010	1
3450	2010	5
3460	2010	3
3465	2010	1
3470	2010	7
3500	2010	5
3505	2010	4
3510	2010	1
3515	2010	1
3520	2010	8
3525	2010	4
3530	2010	2
3545	2010	4
3550	2010	2
3555	2010	1
3565	2010	2
3570	2010	7
3575	2010	4
3580	2010	8
3585	2010	1
3600	2010	3
3605	2010	1
3620	2010	7
3625	2010	1
3630	2010	3
3635	2010	1
3640	2010	2
3645	2010	3
3650	2010	1
3660	2010	1
3665	2010	2
3670	2010	7
3675	2010	4
3685	2010	3
3690	2010	2
3695	2010	2
3700	2010	5
3705	2010	6
3715	2010	1
3720	2010	6
3725	2010	7
3730	2010	2
3735	2010	6
3740	2010	2
3745	2010	1
3750	2010	1
3755	2010	4
3770	2010	8
3775	2010	4
3780	2010	7
3785	2010	6
3790	2010	4
3795	2010	1
3800	2010	2
3805	2010	6
3815	2010	4
3820	2010	3
3825	2010	2
3830	2010	1
3835	2010	2
3845	2010	10
3850	2010	3
3855	2010	6
3865	2010	6
3875	2010	11
3880	2010	4
3885	2010	10
3895	2010	2
3900	2010	9
3905	2010	8
3915	2010	4
3920	2010	4
3925	2010	9
3930	2010	2
3935	2010	3
3940	2010	7
3945	2010	3
3950	2010	3
3955	2010	8
3960	2010	10
3965	2010	5
3975	2010	12
3980	2010	6
3985	2010	7
3995	2010	16
4005	2010	3
4010	2010	7
4020	2010	12
4025	2010	11
4030	2010	9
4035	2010	4
4045	2010	4
4050	2010	1
4055	2010	14
4060	2010	12
4065	2010	4
4075	2010	1
4080	2010	9
4085	2010	4
4090	2010	14
4095	2010	4
4100	2010	2
4105	2010	10
4110	2010	8
4115	2010	3
4120	2010	11
4125	2010	5
4135	2010	5
4140	2010	10
4145	2010	7
4150	2010	11
4155	2010	5
4160	2010	16
4170	2010	1
4175	2010	15
4180	2010	1
4185	2010	8
4190	2010	6
4195	2010	10
4200	2010	5
4205	2010	17
4210	2010	7
4215	2010	1
4220	2010	11
4225	2010	4
4230	2010	1
4235	2010	1
4240	2010	13
4245	2010	13
4250	2010	3
4255	2010	6
4260	2010	3
4270	2010	2
4275	2010	4
4280	2010	16
4285	2010	7
4290	2010	9
4295	2010	11
4300	2010	3
4305	2010	11
4310	2010	8
4315	2010	4
4320	2010	4
4325	2010	4
4330	2010	9
4335	2010	1
4340	2010	19
4345	2010	8
4350	2010	9
4355	2010	6
4360	2010	13
4365	2010	7
4370	2010	13
4375	2010	12
4380	2010	9
4385	2010	5
4390	2010	7
4395	2010	9
4400	2010	8
4405	2010	6
4410	2010	19
4415	2010	3
4420	2010	8
4425	2010	13
4430	2010	7
4435	2010	9
4440	2010	14
4445	2010	18
4450	2010	11
4455	2010	11
4460	2010	6
4465	2010	6
4470	2010	8
4475	2010	4
4480	2010	19
4485	2010	14
4490	2010	7
4495	2010	12
4500	2010	1
4505	2010	20
4510	2010	12
4515	2010	4
4520	2010	4
4525	2010	21
4530	2010	2
4535	2010	11
4540	2010	7
4545	2010	9
4550	2010	10
4555	2010	2
4560	2010	11
4565	2010	23
4570	2010	14
4575	2010	6
4580	2010	7
4585	2010	7
4590	2010	13
4595	2010	22
4600	2010	18
4605	2010	2
4610	2010	12
4615	2010	4
4620	2010	20
4625	2010	16
4630	2010	12
4635	2010	9
4640	2010	13
4645	2010	11
4650	2010	15
4655	2010	21
4660	2010	9
4665	2010	15
4670	2010	7
4675	2010	8
4680	2010	15
4685	2010	14
4690	2010	21
4695	2010	18
4700	2010	7
4705	2010	12
4710	2010	21
4715	2010	10
4720	2010	11
4725	2010	20
4730	2010	21
4735	2010	14
4740	2010	8
4745	2010	18
4750	2010	17
4755	2010	11
4760	2010	18
4765	2010	20
4770	2010	15
4775	2010	7
4780	2010	4
4785	2010	27
4790	2010	13
4795	2010	21
4800	2010	19
4805	2010	7
4810	2010	18
4815	2010	14
4820	2010	14
4825	2010	18
4830	2010	24
4835	2010	10
4840	2010	11
4845	2010	13
4850	2010	18
4855	2010	27
4860	2010	7
4865	2010	19
4870	2010	12
4875	2010	18
4880	2010	13
4885	2010	12
4890	2010	21
4895	2010	22
4900	2010	13
4905	2010	13
4910	2010	14
4915	2010	23
4920	2010	11
4925	2010	19
4930	2010	16
4935	2010	25
4940	2010	9
4945	2010	16
4950	2010	25
4955	2010	14
4960	2010	6
4965	2010	22
4970	2010	17
4975	2010	17
4980	2010	15
4985	2010	4
4990	2010	12
4995	2010	17
5000	2010	23
5005	2010	33
5010	2010	2
5015	2010	6
5020	2010	10
5025	2010	17
5030	2010	23
5035	2010	18
5040	2010	14
5045	2010	18
5050	2010	6
5055	2010	16
5060	2010	43
5065	2010	4
5070	2010	19
5075	2010	11
5080	2010	21
5085	2010	36
5090	2010	9
5095	2010	13
5100	2010	12
5105	2010	17
5110	2010	15
5115	2010	16
5120	2010	15
5125	2010	13
5130	2010	12
5135	2010	22
5140	2010	5
5145	2010	18
5150	2010	19
5155	2010	10
5160	2010	13
5165	2010	19
5170	2010	14
5175	2010	11
5180	2010	17
5185	2010	24
5190	2010	8
5195	2010	29
5200	2010	17
5205	2010	10
5210	2010	15
5215	2010	23
5220	2010	18
5225	2010	28
5230	2010	6
5235	2010	9
5240	2010	17
5245	2010	13
5250	2010	19
5255	2010	27
5260	2010	5
5265	2010	13
5270	2010	13
5275	2010	26
5280	2010	13
5285	2010	9
5290	2010	23
5295	2010	10
5300	2010	16
5305	2010	20
5310	2010	21
5315	2010	6
5320	2010	34
5325	2010	7
5330	2010	34
5335	2010	21
5340	2010	6
5345	2010	16
5350	2010	17
5355	2010	18
5360	2010	21
5365	2010	6
5370	2010	17
5375	2010	10
5380	2010	15
5385	2010	22
5390	2010	12
5395	2010	11
5400	2010	7
5405	2010	24
5410	2010	19
5415	2010	28
5420	2010	9
5425	2010	18
5430	2010	22
5435	2010	26
5440	2010	20
5445	2010	17
5450	2010	14
5455	2010	15
5460	2010	19
5465	2010	8
5470	2010	25
5475	2010	4
5480	2010	15
5485	2010	20
5490	2010	15
5495	2010	14
5500	2010	24
5505	2010	12
5510	2010	15
5515	2010	21
5520	2010	16
5525	2010	9
5530	2010	18
5535	2010	20
5540	2010	8
5545	2010	13
5550	2010	15
5555	2010	13
5560	2010	13
5565	2010	26
5570	2010	6
5575	2010	14
5580	2010	13
5585	2010	10
5590	2010	23
5595	2010	8
5600	2010	11
5605	2010	23
5610	2010	12
5615	2010	10
5620	2010	18
5625	2010	12
5630	2010	9
5635	2010	12
5640	2010	12
5645	2010	23
5650	2010	15
5655	2010	14
5660	2010	7
5665	2010	14
5670	2010	16
5675	2010	13
5680	2010	7
5685	2010	16
5690	2010	10
5695	2010	9
5700	2010	33
5705	2010	15
5710	2010	15
5715	2010	8
5720	2010	25
5725	2010	5
5730	2010	24
5735	2010	7
5740	2010	17
5745	2010	10
5750	2010	15
5755	2010	6
5760	2010	21
5765	2010	8
5770	2010	11
5775	2010	23
5780	2010	6
5785	2010	17
5790	2010	11
5795	2010	17
5800	2010	2
5805	2010	13
5810	2010	17
5815	2010	10
5820	2010	14
5825	2010	17
5830	2010	10
5835	2010	7
5840	2010	13
5845	2010	12
5850	2010	14
5855	2010	11
5860	2010	17
5865	2010	8
5870	2010	8
5875	2010	15
5880	2010	12
5885	2010	7
5890	2010	13
5895	2010	15
5900	2010	10
5905	2010	15
5910	2010	13
5915	2010	12
5920	2010	15
5925	2010	20
5930	2010	8
5935	2010	8
5940	2010	8
5945	2010	18
5950	2010	16
5955	2010	5
5960	2010	14
5965	2010	11
5970	2010	10
5975	2010	11
5980	2010	16
5985	2010	13
5990	2010	10
5995	2010	4
6000	2010	14
6005	2010	5
6010	2010	8
6015	2010	22
6020	2010	8
6025	2010	6
6030	2010	17
6035	2010	13
6040	2010	9
6045	2010	6
6050	2010	6
6055	2010	10
6060	2010	12
6065	2010	15
6070	2010	14
6075	2010	3
6080	2010	12
6085	2010	9
6090	2010	8
6095	2010	11
6100	2010	11
6105	2010	1
6110	2010	11
6115	2010	10
6120	2010	13
6125	2010	10
6130	2010	11
6135	2010	10
6140	2010	14
6145	2010	2
6150	2010	6
6155	2010	18
6160	2010	3
6165	2010	8
6170	2010	8
6175	2010	17
6180	2010	6
6185	2010	6
6190	2010	6
6195	2010	13
6200	2010	5
6205	2010	7
6210	2010	5
6215	2010	7
6220	2010	6
6225	2010	12
6230	2010	9
6235	2010	4
6240	2010	7
6245	2010	7
6250	2010	5
6255	2010	10
6260	2010	9
6265	2010	10
6270	2010	9
6275	2010	9
6280	2010	13
6285	2010	5
6290	2010	8
6295	2010	6
6300	2010	3
6305	2010	10
6310	2010	7
6315	2010	3
6320	2010	8
6325	2010	6
6330	2010	10
6335	2010	5
6340	2010	11
6345	2010	6
6350	2010	9
6355	2010	7
6360	2010	10
6365	2010	6
6370	2010	5
6375	2010	15
6380	2010	5
6385	2010	7
6390	2010	6
6395	2010	12
6400	2010	2
6405	2010	9
6410	2010	5
6415	2010	8
6420	2010	4
6425	2010	8
6430	2010	5
6435	2010	6
6440	2010	7
6445	2010	5
6450	2010	4
6455	2010	11
6460	2010	8
6465	2010	4
6470	2010	5
6475	2010	3
6480	2010	2
6485	2010	8
6490	2010	5
6495	2010	5
6500	2010	7
6505	2010	2
6510	2010	9
6515	2010	8
6520	2010	10
6525	2010	3
6530	2010	5
6535	2010	7
6540	2010	3
6545	2010	3
6550	2010	4
6555	2010	5
6560	2010	10
6565	2010	10
6570	2010	2
6575	2010	4
6580	2010	2
6585	2010	1
6590	2010	9
6595	2010	7
6600	2010	4
6605	2010	4
6610	2010	6
6615	2010	3
6620	2010	4
6625	2010	4
6630	2010	6
6635	2010	2
6640	2010	9
6645	2010	8
6650	2010	2
6655	2010	3
6660	2010	5
6665	2010	7
6670	2010	7
6675	2010	3
6680	2010	6
6685	2010	3
6690	2010	4
6695	2010	1
6700	2010	2
6705	2010	4
6710	2010	3
6715	2010	9
6720	2010	1
6725	2010	6
6730	2010	5
6735	2010	2
6740	2010	6
6745	2010	6
6750	2010	7
6760	2010	2
6765	2010	4
6770	2010	2
6775	2010	9
6780	2010	4
6785	2010	9
6790	2010	3
6795	2010	2
6800	2010	2
6805	2010	2
6810	2010	9
6815	2010	10
6820	2010	4
6830	2010	4
6835	2010	1
6840	2010	2
6845	2010	8
6850	2010	5
6855	2010	5
6860	2010	2
6865	2010	4
6870	2010	9
6880	2010	2
6885	2010	1
6890	2010	1
6895	2010	2
6900	2010	1
6905	2010	3
6920	2010	2
6925	2010	3
6930	2010	4
6935	2010	4
6940	2010	1
6945	2010	1
6950	2010	1
6955	2010	1
6960	2010	2
6965	2010	4
6975	2010	1
6980	2010	5
6985	2010	2
6990	2010	3
6995	2010	1
7000	2010	3
7005	2010	3
7010	2010	3
7020	2010	1
7025	2010	2
7030	2010	5
7035	2010	3
7040	2010	4
7045	2010	1
7050	2010	3
7055	2010	4
7060	2010	3
7065	2010	5
7070	2010	4
7080	2010	3
7095	2010	2
7105	2010	3
7115	2010	3
7120	2010	3
7130	2010	1
7135	2010	4
7140	2010	2
7145	2010	1
7150	2010	2
7155	2010	1
7160	2010	1
7165	2010	4
7170	2010	2
7175	2010	1
7185	2010	1
7190	2010	1
7195	2010	2
7200	2010	3
7210	2010	4
7220	2010	1
7230	2010	1
7235	2010	2
7240	2010	1
7245	2010	1
7255	2010	3
7260	2010	2
7270	2010	1
7275	2010	2
7280	2010	3
7285	2010	1
7290	2010	1
7305	2010	1
7310	2010	1
7315	2010	2
7325	2010	2
7350	2010	1
7355	2010	2
7360	2010	1
7365	2010	2
7380	2010	2
7385	2010	1
7390	2010	1
7410	2010	2
7415	2010	1
7425	2010	2
7455	2010	1
7465	2010	2
7470	2010	1
7500	2010	2
7520	2010	1
7550	2010	1
7565	2010	1
7580	2010	1
7585	2010	1
7635	2010	1
7660	2010	2
7685	2010	1
7745	2010	1
7760	2010	1
7770	2010	1
7850	2010	1
7990	2010	1
8035	2010	1
8200	2010	1
0	2011	3504
1845	2011	1
1895	2011	1
2155	2011	1
2245	2011	1
2255	2011	1
2260	2011	1
2265	2011	1
2285	2011	1
2320	2011	1
2355	2011	1
2400	2011	3
2410	2011	1
2440	2011	1
2445	2011	1
2450	2011	3
2455	2011	1
2465	2011	1
2470	2011	1
2485	2011	2
2490	2011	1
2500	2011	1
2510	2011	1
2530	2011	3
2535	2011	2
2540	2011	1
2560	2011	1
2575	2011	4
2595	2011	1
2605	2011	2
2615	2011	3
2620	2011	2
2625	2011	3
2640	2011	3
2650	2011	2
2655	2011	7
2670	2011	5
2690	2011	3
2695	2011	3
2705	2011	3
2710	2011	1
2715	2011	1
2725	2011	2
2730	2011	1
2740	2011	8
2750	2011	4
2755	2011	3
2760	2011	2
2765	2011	2
2775	2011	1
2785	2011	5
2795	2011	8
2815	2011	3
2820	2011	7
2825	2011	7
2835	2011	6
2850	2011	1
2855	2011	1
2860	2011	1
2870	2011	10
2875	2011	5
2880	2011	7
2890	2011	2
2905	2011	1
2910	2011	1
2915	2011	8
2920	2011	2
2925	2011	2
2935	2011	2
2940	2011	1
2945	2011	9
2950	2011	13
2960	2011	3
2980	2011	1
2985	2011	5
2990	2011	2
2995	2011	5
3000	2011	8
3005	2011	1
3010	2011	14
3015	2011	3
3025	2011	3
3035	2011	4
3040	2011	10
3045	2011	3
3055	2011	1
3065	2011	2
3070	2011	13
3075	2011	18
3080	2011	12
3085	2011	10
3090	2011	3
3095	2011	2
3105	2011	1
3115	2011	2
3125	2011	17
3130	2011	3
3135	2011	16
3140	2011	14
3145	2011	7
3150	2011	12
3160	2011	1
3165	2011	4
3170	2011	8
3175	2011	4
3180	2011	3
3185	2011	4
3190	2011	6
3195	2011	1
3200	2011	17
3205	2011	14
3210	2011	14
3215	2011	3
3220	2011	4
3235	2011	14
3240	2011	7
3245	2011	7
3250	2011	7
3255	2011	2
3260	2011	8
3265	2011	38
3270	2011	5
3275	2011	17
3280	2011	1
3290	2011	11
3295	2011	2
3300	2011	5
3305	2011	3
3310	2011	18
3315	2011	1
3320	2011	15
3330	2011	1
3335	2011	57
3340	2011	5
3345	2011	10
3350	2011	5
3355	2011	5
3365	2011	2
3370	2011	9
3375	2011	24
3390	2011	17
3395	2011	24
3400	2011	30
3410	2011	11
3415	2011	4
3420	2011	11
3425	2011	7
3430	2011	15
3435	2011	3
3445	2011	26
3450	2011	30
3460	2011	23
3465	2011	4
3470	2011	19
3475	2011	16
3485	2011	1
3495	2011	6
3500	2011	32
3505	2011	20
3510	2011	40
3515	2011	5
3520	2011	47
3525	2011	6
3530	2011	6
3535	2011	2
3540	2011	4
3545	2011	19
3550	2011	17
3555	2011	17
3560	2011	6
3565	2011	6
3570	2011	47
3575	2011	35
3580	2011	12
3585	2011	13
3590	2011	6
3600	2011	40
3605	2011	1
3610	2011	29
3615	2011	2
3620	2011	14
3625	2011	30
3630	2011	27
3635	2011	4
3640	2011	33
3645	2011	15
3650	2011	47
3655	2011	18
3660	2011	11
3665	2011	10
3670	2011	48
3675	2011	36
3685	2011	33
3690	2011	16
3695	2011	6
3700	2011	15
3705	2011	37
3710	2011	3
3715	2011	10
3720	2011	53
3725	2011	37
3730	2011	59
3735	2011	42
3740	2011	5
3745	2011	1
3750	2011	1
3755	2011	13
3760	2011	3
3765	2011	30
3770	2011	22
3775	2011	39
3780	2011	22
3785	2011	81
3790	2011	18
3795	2011	4
3800	2011	6
3805	2011	25
3810	2011	1
3815	2011	33
3820	2011	12
3825	2011	63
3830	2011	1
3835	2011	79
3840	2011	1
3845	2011	38
3850	2011	15
3855	2011	54
3860	2011	3
3865	2011	8
3870	2011	5
3875	2011	11
3880	2011	31
3885	2011	77
3890	2011	20
3895	2011	7
3900	2011	31
3905	2011	49
3910	2011	1
3915	2011	31
3920	2011	10
3925	2011	52
3930	2011	48
3935	2011	40
3940	2011	24
3945	2011	7
3950	2011	9
3955	2011	23
3960	2011	41
3965	2011	22
3970	2011	15
3975	2011	77
3980	2011	45
3985	2011	59
3990	2011	7
3995	2011	18
4005	2011	8
4010	2011	84
4015	2011	4
4020	2011	42
4025	2011	60
4030	2011	75
4035	2011	17
4045	2011	6
4050	2011	50
4055	2011	41
4060	2011	54
4065	2011	41
4070	2011	2
4080	2011	81
4085	2011	37
4090	2011	63
4095	2011	14
4100	2011	12
4105	2011	28
4110	2011	75
4115	2011	31
4120	2011	56
4125	2011	21
4130	2011	42
4135	2011	11
4140	2011	46
4145	2011	43
4150	2011	37
4155	2011	19
4160	2011	106
4165	2011	14
4170	2011	4
4175	2011	27
4180	2011	60
4185	2011	40
4190	2011	49
4195	2011	34
4200	2011	65
4205	2011	72
4210	2011	23
4215	2011	8
4220	2011	46
4225	2011	26
4230	2011	43
4235	2011	10
4240	2011	114
4245	2011	103
4250	2011	24
4255	2011	50
4260	2011	23
4265	2011	11
4270	2011	41
4275	2011	18
4280	2011	90
4285	2011	40
4290	2011	66
4295	2011	42
4300	2011	29
4305	2011	35
4310	2011	49
4315	2011	58
4320	2011	26
4325	2011	41
4330	2011	61
4335	2011	9
4340	2011	53
4345	2011	61
4350	2011	52
4355	2011	77
4360	2011	51
4365	2011	28
4370	2011	65
4375	2011	24
4380	2011	30
4385	2011	45
4390	2011	27
4395	2011	91
4400	2011	43
4405	2011	18
4410	2011	44
4415	2011	34
4420	2011	63
4425	2011	43
4430	2011	55
4435	2011	48
4440	2011	65
4445	2011	57
4450	2011	54
4455	2011	45
4460	2011	35
4465	2011	68
4470	2011	48
4475	2011	9
4480	2011	108
4485	2011	52
4490	2011	51
4495	2011	28
4500	2011	36
4505	2011	71
4510	2011	62
4515	2011	23
4520	2011	31
4525	2011	100
4530	2011	63
4535	2011	58
4540	2011	44
4545	2011	92
4550	2011	35
4555	2011	9
4560	2011	60
4565	2011	125
4570	2011	97
4575	2011	15
4580	2011	42
4585	2011	33
4590	2011	33
4595	2011	95
4600	2011	102
4610	2011	61
4615	2011	38
4620	2011	95
4625	2011	63
4630	2011	52
4635	2011	56
4640	2011	31
4645	2011	63
4650	2011	74
4655	2011	81
4660	2011	48
4665	2011	81
4670	2011	23
4675	2011	53
4680	2011	73
4685	2011	84
4690	2011	56
4695	2011	79
4700	2011	26
4705	2011	56
4710	2011	82
4715	2011	40
4720	2011	53
4725	2011	97
4730	2011	81
4735	2011	30
4740	2011	37
4745	2011	58
4750	2011	86
4755	2011	43
4760	2011	78
4765	2011	107
4770	2011	81
4775	2011	17
4780	2011	41
4785	2011	98
4790	2011	63
4795	2011	95
4800	2011	47
4805	2011	83
4810	2011	66
4815	2011	58
4820	2011	50
4825	2011	58
4830	2011	69
4835	2011	88
4840	2011	63
4845	2011	54
4850	2011	77
4855	2011	93
4860	2011	43
4865	2011	119
4870	2011	38
4875	2011	75
4880	2011	67
4885	2011	37
4890	2011	83
4895	2011	112
4900	2011	63
4905	2011	33
4910	2011	68
4915	2011	70
4920	2011	71
4925	2011	102
4930	2011	52
4935	2011	100
4940	2011	33
4945	2011	65
4950	2011	105
4955	2011	58
4960	2011	28
4965	2011	110
4970	2011	70
4975	2011	82
4980	2011	88
4985	2011	26
4990	2011	46
4995	2011	81
5000	2011	107
5005	2011	132
5010	2011	21
5015	2011	39
5020	2011	52
5025	2011	89
5030	2011	94
5035	2011	86
5040	2011	54
5045	2011	69
5050	2011	39
5055	2011	81
5060	2011	159
5065	2011	34
5070	2011	73
5075	2011	38
5080	2011	94
5085	2011	109
5090	2011	53
5095	2011	57
5100	2011	56
5105	2011	67
5110	2011	87
5115	2011	99
5120	2011	58
5125	2011	65
5130	2011	42
5135	2011	95
5140	2011	42
5145	2011	88
5150	2011	97
5155	2011	37
5160	2011	37
5165	2011	84
5170	2011	123
5175	2011	58
5180	2011	71
5185	2011	95
5190	2011	57
5195	2011	84
5200	2011	86
5205	2011	56
5210	2011	41
5215	2011	41
5220	2011	74
5225	2011	154
5230	2011	31
5235	2011	15
5240	2011	66
5245	2011	83
5250	2011	64
5255	2011	78
5260	2011	33
5265	2011	55
5270	2011	47
5275	2011	125
5280	2011	122
5285	2011	45
5290	2011	84
5295	2011	41
5300	2011	87
5305	2011	96
5310	2011	64
5315	2011	39
5320	2011	79
5325	2011	22
5330	2011	130
5335	2011	101
5340	2011	36
5345	2011	55
5350	2011	77
5355	2011	84
5360	2011	92
5365	2011	52
5370	2011	69
5375	2011	67
5380	2011	79
5385	2011	82
5390	2011	70
5395	2011	53
5400	2011	46
5405	2011	79
5410	2011	58
5415	2011	78
5420	2011	36
5425	2011	78
5430	2011	62
5435	2011	79
5440	2011	59
5445	2011	55
5450	2011	51
5455	2011	47
5460	2011	72
5465	2011	29
5470	2011	69
5475	2011	41
5480	2011	65
5485	2011	79
5490	2011	39
5495	2011	42
5500	2011	83
5505	2011	38
5510	2011	93
5515	2011	59
5520	2011	54
5525	2011	61
5530	2011	50
5535	2011	88
5540	2011	53
5545	2011	54
5550	2011	70
5555	2011	68
5560	2011	55
5565	2011	89
5570	2011	26
5575	2011	60
5580	2011	57
5585	2011	35
5590	2011	105
5595	2011	34
5600	2011	42
5605	2011	73
5610	2011	49
5615	2011	61
5620	2011	84
5625	2011	53
5630	2011	51
5635	2011	67
5640	2011	39
5645	2011	80
5650	2011	36
5655	2011	67
5660	2011	50
5665	2011	53
5670	2011	58
5675	2011	47
5680	2011	35
5685	2011	85
5690	2011	42
5695	2011	44
5700	2011	91
5705	2011	61
5710	2011	57
5715	2011	29
5720	2011	89
5725	2011	27
5730	2011	64
5735	2011	30
5740	2011	66
5745	2011	30
5750	2011	52
5755	2011	33
5760	2011	55
5765	2011	37
5770	2011	56
5775	2011	46
5780	2011	30
5785	2011	56
5790	2011	39
5795	2011	76
5800	2011	34
5805	2011	72
5810	2011	50
5815	2011	52
5820	2011	41
5825	2011	62
5830	2011	27
5835	2011	48
5840	2011	45
5845	2011	48
5850	2011	54
5855	2011	44
5860	2011	55
5865	2011	50
5870	2011	32
5875	2011	47
5880	2011	61
5885	2011	17
5890	2011	51
5895	2011	68
5900	2011	40
5905	2011	49
5910	2011	42
5915	2011	45
5920	2011	42
5925	2011	53
5930	2011	49
5935	2011	36
5940	2011	36
5945	2011	72
5950	2011	43
5955	2011	11
5960	2011	79
5965	2011	30
5970	2011	24
5975	2011	40
5980	2011	56
5985	2011	46
5990	2011	45
5995	2011	25
6000	2011	51
6005	2011	23
6010	2011	32
6015	2011	70
6020	2011	18
6025	2011	49
6030	2011	37
6035	2011	49
6040	2011	31
6045	2011	49
6050	2011	23
6055	2011	44
6060	2011	34
6065	2011	37
6070	2011	55
6075	2011	17
6080	2011	53
6085	2011	47
6090	2011	38
6095	2011	34
6100	2011	44
6105	2011	15
6110	2011	41
6115	2011	34
6120	2011	62
6125	2011	31
6130	2011	16
6135	2011	31
6140	2011	43
6145	2011	26
6150	2011	26
6155	2011	63
6160	2011	20
6165	2011	29
6170	2011	29
6175	2011	62
6180	2011	16
6185	2011	20
6190	2011	37
6195	2011	65
6200	2011	29
6205	2011	24
6210	2011	24
6215	2011	22
6220	2011	20
6225	2011	47
6230	2011	40
6235	2011	40
6240	2011	37
6245	2011	20
6250	2011	35
6255	2011	41
6260	2011	35
6265	2011	32
6270	2011	32
6275	2011	38
6280	2011	29
6285	2011	16
6290	2011	33
6295	2011	36
6300	2011	19
6305	2011	36
6310	2011	46
6315	2011	12
6320	2011	37
6325	2011	32
6330	2011	25
6335	2011	29
6340	2011	21
6345	2011	17
6350	2011	32
6355	2011	19
6360	2011	30
6365	2011	31
6370	2011	21
6375	2011	47
6380	2011	21
6385	2011	20
6390	2011	27
6395	2011	45
6400	2011	19
6405	2011	35
6410	2011	16
6415	2011	26
6420	2011	24
6425	2011	37
6430	2011	27
6435	2011	33
6440	2011	13
6445	2011	14
6450	2011	24
6455	2011	33
6460	2011	13
6465	2011	14
6470	2011	23
6475	2011	19
6480	2011	32
6485	2011	24
6490	2011	21
6495	2011	25
6500	2011	27
6505	2011	10
6510	2011	17
6515	2011	30
6520	2011	14
6525	2011	11
6530	2011	19
6535	2011	24
6540	2011	12
6545	2011	18
6550	2011	27
6555	2011	19
6560	2011	11
6565	2011	20
6570	2011	19
6575	2011	19
6580	2011	12
6585	2011	6
6590	2011	29
6595	2011	18
6600	2011	12
6605	2011	22
6610	2011	18
6615	2011	6
6620	2011	32
6625	2011	14
6630	2011	19
6635	2011	11
6640	2011	11
6645	2011	19
6650	2011	12
6655	2011	15
6660	2011	18
6665	2011	14
6670	2011	15
6675	2011	4
6680	2011	10
6685	2011	18
6690	2011	26
6695	2011	10
6700	2011	6
6705	2011	11
6710	2011	9
6715	2011	23
6720	2011	14
6725	2011	11
6730	2011	14
6735	2011	8
6740	2011	8
6745	2011	14
6750	2011	20
6755	2011	16
6760	2011	6
6765	2011	32
6770	2011	1
6775	2011	24
6780	2011	6
6785	2011	17
6790	2011	4
6795	2011	13
6800	2011	5
6805	2011	12
6810	2011	16
6815	2011	23
6820	2011	7
6825	2011	4
6830	2011	15
6835	2011	4
6840	2011	4
6845	2011	21
6850	2011	18
6855	2011	11
6860	2011	15
6865	2011	10
6870	2011	11
6875	2011	5
6880	2011	17
6885	2011	9
6890	2011	13
6895	2011	5
6900	2011	7
6905	2011	18
6910	2011	2
6915	2011	4
6920	2011	12
6925	2011	18
6930	2011	7
6935	2011	12
6940	2011	8
6945	2011	7
6950	2011	7
6955	2011	8
6960	2011	14
6965	2011	14
6970	2011	3
6975	2011	6
6980	2011	9
6985	2011	5
6990	2011	7
6995	2011	9
7000	2011	19
7005	2011	2
7010	2011	12
7015	2011	2
7020	2011	5
7025	2011	1
7030	2011	18
7035	2011	10
7040	2011	13
7045	2011	3
7050	2011	5
7055	2011	5
7060	2011	7
7065	2011	3
7070	2011	5
7075	2011	4
7080	2011	21
7085	2011	8
7090	2011	4
7095	2011	12
7100	2011	2
7105	2011	10
7110	2011	2
7115	2011	9
7120	2011	3
7125	2011	2
7130	2011	7
7135	2011	9
7140	2011	4
7145	2011	1
7150	2011	6
7155	2011	8
7160	2011	8
7165	2011	11
7170	2011	2
7175	2011	3
7185	2011	4
7190	2011	5
7195	2011	5
7200	2011	7
7210	2011	2
7215	2011	10
7220	2011	6
7225	2011	1
7235	2011	12
7240	2011	1
7245	2011	3
7250	2011	8
7255	2011	8
7260	2011	4
7265	2011	4
7270	2011	4
7275	2011	1
7280	2011	3
7285	2011	1
7290	2011	5
7295	2011	1
7300	2011	1
7305	2011	9
7310	2011	9
7315	2011	13
7320	2011	8
7325	2011	1
7335	2011	1
7345	2011	1
7350	2011	7
7355	2011	5
7360	2011	9
7365	2011	8
7370	2011	4
7375	2011	1
7380	2011	4
7385	2011	3
7395	2011	4
7410	2011	8
7415	2011	1
7420	2011	4
7425	2011	7
7430	2011	3
7440	2011	7
7450	2011	1
7455	2011	7
7465	2011	7
7470	2011	4
7475	2011	1
7480	2011	2
7485	2011	3
7500	2011	6
7505	2011	3
7510	2011	1
7515	2011	1
7520	2011	1
7525	2011	5
7530	2011	1
7535	2011	1
7540	2011	1
7545	2011	4
7550	2011	3
7555	2011	1
7560	2011	3
7570	2011	1
7580	2011	7
7585	2011	2
7590	2011	1
7595	2011	2
7610	2011	1
7640	2011	4
7655	2011	1
7665	2011	2
7675	2011	1
7685	2011	5
7700	2011	3
7715	2011	2
7730	2011	4
7735	2011	1
7740	2011	1
7745	2011	2
7755	2011	2
7795	2011	2
7810	2011	1
7815	2011	2
7825	2011	4
7830	2011	1
7850	2011	2
7900	2011	1
7905	2011	2
7910	2011	1
7945	2011	1
7980	2011	1
7990	2011	2
8045	2011	1
8070	2011	1
8085	2011	1
8115	2011	1
8130	2011	1
0	2012	5345
2065	2012	2
2100	2012	1
2105	2012	1
2150	2012	1
2200	2012	1
2205	2012	1
2240	2012	1
2245	2012	2
2255	2012	1
2265	2012	1
2290	2012	1
2310	2012	1
2335	2012	1
2340	2012	4
2355	2012	4
2375	2012	1
2385	2012	5
2405	2012	1
2420	2012	2
2430	2012	5
2445	2012	3
2450	2012	2
2465	2012	5
2475	2012	2
2490	2012	9
2495	2012	1
2500	2012	4
2515	2012	2
2535	2012	8
2540	2012	1
2545	2012	13
2550	2012	2
2560	2012	4
2575	2012	2
2580	2012	11
2585	2012	2
2590	2012	5
2605	2012	10
2610	2012	1
2620	2012	4
2630	2012	6
2635	2012	4
2640	2012	6
2650	2012	20
2665	2012	6
2670	2012	1
2680	2012	8
2685	2012	11
2690	2012	2
2695	2012	1
2700	2012	1
2710	2012	2
2715	2012	5
2720	2012	26
2725	2012	18
2735	2012	3
2740	2012	2
2750	2012	3
2755	2012	1
2760	2012	6
2775	2012	15
2780	2012	16
2785	2012	9
2790	2012	24
2805	2012	1
2810	2012	8
2820	2012	22
2830	2012	5
2835	2012	3
2840	2012	23
2845	2012	1
2850	2012	1
2855	2012	32
2860	2012	16
2880	2012	10
2885	2012	5
2890	2012	4
2895	2012	14
2905	2012	15
2915	2012	1
2920	2012	31
2925	2012	21
2930	2012	10
2935	2012	4
2940	2012	1
2945	2012	21
2950	2012	29
2970	2012	5
2975	2012	16
2980	2012	37
2985	2012	34
2990	2012	1
2995	2012	63
3010	2012	1
3015	2012	2
3025	2012	35
3035	2012	42
3045	2012	16
3050	2012	3
3055	2012	96
3060	2012	10
3070	2012	32
3075	2012	1
3080	2012	23
3085	2012	29
3090	2012	3
3095	2012	19
3100	2012	5
3105	2012	32
3115	2012	40
3120	2012	3
3125	2012	60
3130	2012	27
3135	2012	40
3140	2012	26
3160	2012	1
3165	2012	2
3170	2012	53
3175	2012	118
3180	2012	7
3185	2012	100
3205	2012	2
3210	2012	36
3215	2012	31
3220	2012	51
3225	2012	16
3235	2012	32
3245	2012	112
3250	2012	12
3255	2012	10
3260	2012	9
3265	2012	2
3270	2012	80
3280	2012	78
3285	2012	2
3295	2012	15
3300	2012	73
3305	2012	93
3310	2012	20
3315	2012	38
3320	2012	42
3330	2012	18
3335	2012	1
3350	2012	149
3355	2012	58
3365	2012	108
3370	2012	62
3375	2012	43
3380	2012	11
3390	2012	25
3395	2012	40
3400	2012	79
3410	2012	69
3415	2012	45
3420	2012	72
3425	2012	14
3430	2012	15
3435	2012	19
3440	2012	1
3445	2012	52
3450	2012	147
3455	2012	1
3460	2012	60
3465	2012	2
3470	2012	187
3475	2012	3
3485	2012	1
3490	2012	43
3495	2012	14
3500	2012	66
3505	2012	100
3510	2012	6
3515	2012	1
3520	2012	93
3525	2012	77
3530	2012	144
3535	2012	26
3540	2012	1
3545	2012	68
3555	2012	12
3560	2012	2
3565	2012	79
3570	2012	167
3575	2012	88
3580	2012	67
3585	2012	1
3590	2012	66
3600	2012	57
3605	2012	36
3610	2012	18
3615	2012	4
3620	2012	256
3625	2012	95
3630	2012	1
3635	2012	9
3640	2012	38
3645	2012	8
3650	2012	65
3655	2012	1
3660	2012	131
3665	2012	91
3670	2012	154
3675	2012	94
3695	2012	11
3700	2012	175
3705	2012	112
3715	2012	5
3720	2012	146
3725	2012	107
3730	2012	67
3735	2012	54
3740	2012	97
3745	2012	25
3750	2012	1
3755	2012	92
3760	2012	3
3765	2012	15
3770	2012	269
3775	2012	52
3780	2012	90
3785	2012	25
3790	2012	68
3800	2012	55
3805	2012	233
3810	2012	8
3815	2012	3
3820	2012	201
3825	2012	66
3830	2012	17
3835	2012	59
3840	2012	4
3845	2012	195
3850	2012	31
3855	2012	192
3860	2012	1
3865	2012	127
3875	2012	148
3885	2012	114
3890	2012	92
3895	2012	85
3900	2012	150
3905	2012	181
3915	2012	13
3920	2012	88
3925	2012	188
3935	2012	44
3940	2012	109
3945	2012	66
3950	2012	138
3955	2012	135
3960	2012	164
3970	2012	1
3975	2012	110
3980	2012	107
3985	2012	106
3995	2012	264
4005	2012	58
4010	2012	80
4015	2012	2
4020	2012	283
4025	2012	191
4030	2012	1
4035	2012	24
4045	2012	100
4050	2012	36
4055	2012	331
4060	2012	190
4065	2012	107
4075	2012	30
4080	2012	57
4085	2012	4
4090	2012	200
4095	2012	104
4100	2012	89
4105	2012	200
4110	2012	108
4115	2012	44
4120	2012	94
4125	2012	173
4130	2012	9
4135	2012	103
4140	2012	188
4145	2012	1
4150	2012	100
4155	2012	84
4160	2012	160
4165	2012	110
4170	2012	32
4175	2012	219
4180	2012	23
4185	2012	165
4190	2012	23
4195	2012	137
4200	2012	46
4205	2012	293
4210	2012	147
4215	2012	8
4220	2012	131
4225	2012	127
4230	2012	22
4235	2012	1
4240	2012	201
4245	2012	254
4250	2012	31
4255	2012	143
4260	2012	38
4265	2012	78
4270	2012	3
4275	2012	113
4280	2012	371
4285	2012	22
4290	2012	87
4295	2012	58
4300	2012	32
4305	2012	194
4310	2012	115
4315	2012	170
4320	2012	95
4330	2012	171
4335	2012	62
4340	2012	226
4345	2012	121
4350	2012	77
4355	2012	5
4360	2012	113
4365	2012	97
4370	2012	184
4375	2012	218
4380	2012	128
4385	2012	1
4390	2012	43
4395	2012	138
4400	2012	72
4405	2012	158
4410	2012	340
4415	2012	1
4420	2012	92
4425	2012	104
4430	2012	92
4435	2012	90
4440	2012	193
4445	2012	162
4450	2012	147
4455	2012	52
4460	2012	136
4465	2012	23
4470	2012	84
4475	2012	53
4480	2012	355
4485	2012	100
4490	2012	106
4495	2012	187
4500	2012	11
4505	2012	199
4510	2012	171
4515	2012	38
4520	2012	115
4525	2012	118
4530	2012	62
4535	2012	128
4540	2012	192
4545	2012	163
4550	2012	193
4555	2012	44
4560	2012	221
4565	2012	216
4570	2012	72
4575	2012	13
4580	2012	59
4585	2012	166
4590	2012	179
4595	2012	233
4600	2012	156
4605	2012	27
4610	2012	82
4615	2012	59
4620	2012	180
4625	2012	227
4630	2012	190
4635	2012	1
4640	2012	63
4645	2012	141
4650	2012	151
4655	2012	153
4660	2012	113
4665	2012	210
4670	2012	120
4675	2012	17
4680	2012	143
4685	2012	144
4690	2012	139
4695	2012	140
4700	2012	62
4705	2012	131
4710	2012	322
4715	2012	58
4720	2012	29
4725	2012	127
4730	2012	278
4735	2012	122
4740	2012	25
4745	2012	218
4750	2012	125
4755	2012	66
4760	2012	230
4765	2012	241
4770	2012	223
4775	2012	31
4780	2012	67
4785	2012	253
4790	2012	164
4795	2012	191
4800	2012	171
4805	2012	62
4810	2012	143
4815	2012	148
4820	2012	210
4825	2012	246
4830	2012	238
4835	2012	35
4840	2012	136
4845	2012	164
4850	2012	212
4855	2012	297
4860	2012	87
4865	2012	179
4870	2012	37
4875	2012	197
4880	2012	142
4885	2012	88
4890	2012	326
4895	2012	200
4900	2012	71
4905	2012	107
4910	2012	105
4915	2012	267
4920	2012	72
4925	2012	197
4930	2012	142
4935	2012	234
4940	2012	99
4945	2012	178
4950	2012	299
4955	2012	102
4960	2012	47
4965	2012	156
4970	2012	215
4975	2012	197
4980	2012	292
4985	2012	18
4990	2012	62
4995	2012	112
5000	2012	271
5005	2012	357
5010	2012	20
5015	2012	99
5020	2012	133
5025	2012	143
5030	2012	267
5035	2012	286
5040	2012	118
5045	2012	165
5050	2012	12
5055	2012	162
5060	2012	410
5065	2012	58
5070	2012	207
5075	2012	112
5080	2012	219
5085	2012	182
5090	2012	139
5095	2012	202
5100	2012	219
5105	2012	84
5110	2012	242
5115	2012	171
5120	2012	138
5125	2012	173
5130	2012	138
5135	2012	227
5140	2012	66
5145	2012	267
5150	2012	269
5155	2012	101
5160	2012	60
5165	2012	209
5170	2012	254
5175	2012	178
5180	2012	174
5185	2012	212
5190	2012	57
5195	2012	107
5200	2012	277
5205	2012	209
5210	2012	127
5215	2012	99
5220	2012	135
5225	2012	434
5230	2012	71
5235	2012	56
5240	2012	146
5245	2012	264
5250	2012	142
5255	2012	251
5260	2012	48
5265	2012	194
5270	2012	99
5275	2012	248
5280	2012	233
5285	2012	106
5290	2012	241
5295	2012	134
5300	2012	211
5305	2012	201
5310	2012	174
5315	2012	90
5320	2012	235
5325	2012	52
5330	2012	367
5335	2012	154
5340	2012	85
5345	2012	134
5350	2012	211
5355	2012	182
5360	2012	208
5365	2012	108
5370	2012	130
5375	2012	140
5380	2012	200
5385	2012	209
5390	2012	109
5395	2012	205
5400	2012	77
5405	2012	241
5410	2012	192
5415	2012	173
5420	2012	61
5425	2012	214
5430	2012	177
5435	2012	239
5440	2012	135
5445	2012	125
5450	2012	162
5455	2012	162
5460	2012	222
5465	2012	104
5470	2012	178
5475	2012	98
5480	2012	169
5485	2012	252
5490	2012	138
5495	2012	102
5500	2012	243
5505	2012	119
5510	2012	217
5515	2012	158
5520	2012	110
5525	2012	107
5530	2012	165
5535	2012	239
5540	2012	141
5545	2012	110
5550	2012	156
5555	2012	175
5560	2012	190
5565	2012	182
5570	2012	63
5575	2012	193
5580	2012	122
5585	2012	134
5590	2012	254
5595	2012	118
5600	2012	122
5605	2012	187
5610	2012	114
5615	2012	200
5620	2012	215
5625	2012	121
5630	2012	106
5635	2012	171
5640	2012	137
5645	2012	225
5650	2012	92
5655	2012	172
5660	2012	112
5665	2012	160
5670	2012	222
5675	2012	102
5680	2012	145
5685	2012	161
5690	2012	84
5695	2012	121
5700	2012	253
5705	2012	133
5710	2012	110
5715	2012	57
5720	2012	275
5725	2012	58
5730	2012	189
5735	2012	101
5740	2012	228
5745	2012	72
5750	2012	143
5755	2012	151
5760	2012	212
5765	2012	54
5770	2012	193
5775	2012	205
5780	2012	48
5785	2012	208
5790	2012	112
5795	2012	171
5800	2012	83
5805	2012	137
5810	2012	98
5815	2012	147
5820	2012	151
5825	2012	196
5830	2012	68
5835	2012	147
5840	2012	161
5845	2012	108
5850	2012	141
5855	2012	138
5860	2012	123
5865	2012	111
5870	2012	106
5875	2012	152
5880	2012	180
5885	2012	64
5890	2012	164
5895	2012	175
5900	2012	88
5905	2012	159
5910	2012	129
5915	2012	146
5920	2012	106
5925	2012	147
5930	2012	175
5935	2012	89
5940	2012	116
5945	2012	198
5950	2012	101
5955	2012	34
5960	2012	233
5965	2012	93
5970	2012	87
5975	2012	127
5980	2012	125
5985	2012	162
5990	2012	127
5995	2012	72
6000	2012	182
6005	2012	75
6010	2012	85
6015	2012	193
6020	2012	68
6025	2012	82
6030	2012	117
6035	2012	158
6040	2012	135
6045	2012	121
6050	2012	54
6055	2012	157
6060	2012	86
6065	2012	131
6070	2012	159
6075	2012	11
6080	2012	153
6085	2012	175
6090	2012	96
6095	2012	143
6100	2012	149
6105	2012	39
6110	2012	120
6115	2012	85
6120	2012	192
6125	2012	89
6130	2012	39
6135	2012	139
6140	2012	140
6145	2012	87
6150	2012	68
6155	2012	192
6160	2012	36
6165	2012	79
6170	2012	89
6175	2012	149
6180	2012	78
6185	2012	96
6190	2012	115
6195	2012	125
6200	2012	75
6205	2012	94
6210	2012	114
6215	2012	90
6220	2012	104
6225	2012	108
6230	2012	98
6235	2012	71
6240	2012	121
6245	2012	56
6250	2012	83
6255	2012	121
6260	2012	87
6265	2012	83
6270	2012	91
6275	2012	118
6280	2012	114
6285	2012	37
6290	2012	87
6295	2012	141
6300	2012	75
6305	2012	81
6310	2012	139
6315	2012	23
6320	2012	114
6325	2012	104
6330	2012	72
6335	2012	83
6340	2012	108
6345	2012	50
6350	2012	79
6355	2012	61
6360	2012	115
6365	2012	55
6370	2012	99
6375	2012	104
6380	2012	44
6385	2012	63
6390	2012	67
6395	2012	141
6400	2012	20
6405	2012	94
6410	2012	46
6415	2012	64
6420	2012	65
6425	2012	86
6430	2012	68
6435	2012	89
6440	2012	82
6445	2012	71
6450	2012	73
6455	2012	104
6460	2012	78
6465	2012	17
6470	2012	83
6475	2012	59
6480	2012	97
6485	2012	58
6490	2012	86
6495	2012	45
6500	2012	73
6505	2012	37
6510	2012	76
6515	2012	76
6520	2012	39
6525	2012	55
6530	2012	66
6535	2012	130
6540	2012	22
6545	2012	55
6550	2012	62
6555	2012	49
6560	2012	72
6565	2012	97
6570	2012	62
6575	2012	59
6580	2012	28
6585	2012	19
6590	2012	136
6595	2012	58
6600	2012	28
6605	2012	74
6610	2012	59
6615	2012	18
6620	2012	95
6625	2012	51
6630	2012	74
6635	2012	34
6640	2012	56
6645	2012	41
6650	2012	50
6655	2012	51
6660	2012	63
6665	2012	36
6670	2012	73
6675	2012	13
6680	2012	53
6685	2012	53
6690	2012	73
6695	2012	34
6700	2012	24
6705	2012	45
6710	2012	55
6715	2012	66
6720	2012	37
6725	2012	38
6730	2012	56
6735	2012	42
6740	2012	29
6745	2012	38
6750	2012	67
6755	2012	42
6760	2012	37
6765	2012	58
6770	2012	6
6775	2012	86
6780	2012	22
6785	2012	69
6790	2012	20
6795	2012	37
6800	2012	26
6805	2012	20
6810	2012	57
6815	2012	82
6820	2012	32
6825	2012	12
6830	2012	69
6835	2012	20
6840	2012	19
6845	2012	34
6850	2012	69
6855	2012	26
6860	2012	26
6865	2012	41
6870	2012	51
6875	2012	14
6880	2012	60
6885	2012	30
6890	2012	25
6895	2012	38
6900	2012	37
6905	2012	42
6910	2012	3
6915	2012	9
6920	2012	50
6925	2012	75
6930	2012	14
6935	2012	44
6940	2012	13
6945	2012	25
6950	2012	23
6955	2012	34
6960	2012	50
6965	2012	56
6975	2012	37
6980	2012	36
6985	2012	25
6990	2012	18
6995	2012	32
7000	2012	71
7005	2012	16
7010	2012	32
7015	2012	6
7020	2012	26
7025	2012	3
7030	2012	53
7035	2012	41
7040	2012	32
7045	2012	10
7050	2012	40
7055	2012	20
7060	2012	25
7065	2012	24
7070	2012	19
7075	2012	10
7080	2012	63
7085	2012	32
7090	2012	6
7095	2012	40
7100	2012	9
7105	2012	28
7110	2012	9
7115	2012	41
7120	2012	32
7125	2012	4
7130	2012	24
7135	2012	33
7140	2012	20
7145	2012	6
7150	2012	28
7155	2012	31
7160	2012	31
7165	2012	39
7170	2012	22
7175	2012	8
7180	2012	5
7185	2012	18
7190	2012	20
7195	2012	22
7200	2012	42
7205	2012	1
7210	2012	13
7215	2012	44
7220	2012	26
7225	2012	5
7230	2012	2
7235	2012	31
7240	2012	16
7245	2012	8
7250	2012	20
7255	2012	22
7260	2012	13
7265	2012	18
7270	2012	17
7275	2012	26
7280	2012	12
7285	2012	4
7290	2012	15
7295	2012	3
7300	2012	2
7305	2012	27
7310	2012	17
7315	2012	28
7320	2012	5
7325	2012	29
7330	2012	4
7335	2012	7
7340	2012	1
7345	2012	16
7350	2012	14
7355	2012	28
7360	2012	7
7365	2012	32
7370	2012	20
7375	2012	3
7380	2012	22
7385	2012	10
7390	2012	2
7395	2012	17
7400	2012	7
7405	2012	1
7410	2012	29
7415	2012	3
7420	2012	23
7425	2012	12
7430	2012	12
7435	2012	3
7440	2012	21
7445	2012	22
7455	2012	16
7465	2012	34
7470	2012	11
7475	2012	11
7480	2012	11
7485	2012	3
7495	2012	1
7500	2012	31
7510	2012	6
7515	2012	5
7520	2012	15
7525	2012	13
7530	2012	1
7540	2012	16
7545	2012	16
7550	2012	9
7555	2012	3
7560	2012	17
7570	2012	3
7580	2012	15
7585	2012	10
7590	2012	8
7595	2012	13
7600	2012	3
7605	2012	5
7610	2012	5
7615	2012	1
7630	2012	14
7635	2012	2
7640	2012	21
7650	2012	1
7655	2012	14
7660	2012	13
7665	2012	9
7675	2012	12
7685	2012	8
7690	2012	6
7700	2012	9
7715	2012	13
7720	2012	10
7730	2012	3
7735	2012	7
7745	2012	11
7760	2012	2
7770	2012	15
7780	2012	11
7790	2012	2
7795	2012	5
7805	2012	2
7815	2012	6
7825	2012	28
7830	2012	2
7850	2012	6
7860	2012	2
7870	2012	2
7875	2012	7
7900	2012	10
7905	2012	7
7910	2012	5
7920	2012	1
7930	2012	4
7935	2012	1
7940	2012	1
7945	2012	7
7955	2012	1
7965	2012	1
7980	2012	10
7985	2012	5
7990	2012	6
8000	2012	1
8025	2012	7
8035	2012	2
8060	2012	3
8070	2012	5
8075	2012	3
8105	2012	9
8115	2012	1
8120	2012	3
8150	2012	5
8155	2012	3
8165	2012	1
8195	2012	4
8200	2012	3
8235	2012	2
8280	2012	1
8290	2012	1
8325	2012	2
8370	2012	1
